inconsistent 72257000,72257000
3566.25,0.00,3372,1
4566.06,0.00,4371,1
5568.17,0.00,5371,1
6571.36,0.00,6372,1
7573.94,0.00,7373,1
8582.05,0.00,8373,2
9591.02,0.00,9373,3
10637.17,0.00,10377,3
11590.06,0.00,11377,2
inconsistent 72266000,72266000
pred_meas error 16372,-1994.29
13613.71,13391.74,15373,5
14611.84,14390.72,14376,5
15622.46,15390.70,15381,5
16623.37,16391.69,16382,5
17625.39,17393.67,17384,5
inconsistent 72273000,72273000
pred_meas error 23378,-2976.30
19637.70,18394.65,22379,5
20636.18,20376.61,20401,5
21604.15,21376.59,21384,5
22593.14,22376.58,22375,5
23595.08,23376.56,23370,5
24593.44,24376.54,24367,5
25593.15,25376.52,25364,5
26592.02,26376.50,26362,5
27613.48,27376.48,27364,5
28613.04,28376.47,28364,5
29597.43,29376.45,29363,5
30597.15,30376.43,30362,5
31594.97,31376.41,31361,5
32607.11,32376.39,32361,5
33599.14,33376.37,33360,5
34606.93,34376.36,34360,5
35608.88,35376.34,35361,5
36610.00,36376.32,36361,5
37607.89,37376.30,37361,5
38600.72,38376.28,38360,5
39599.80,39376.26,39359,5
40609.13,40376.24,40360,5
41599.98,41376.23,41359,5
42598.73,42376.21,42358,5
43599.91,43376.19,43358,5
44595.94,44376.17,44357,5
45608.89,45376.15,45357,5
46615.83,46376.13,46358,5
47598.77,47376.11,47357,5
48596.98,48376.10,48357,5
49597.64,49376.08,49356,5
50596.94,50376.06,50355,5
51598.51,51376.04,51355,5
52599.00,52376.02,52355,5
53602.16,53376.00,53354,5
54596.47,54375.99,54354,5
55597.70,55375.97,55354,5
56604.51,56375.95,56354,5
57607.64,57375.93,57354,5
58628.81,58375.91,58355,5
59618.39,59375.89,59356,5
60606.64,60375.87,60356,5
61614.57,61375.86,61357,5
62604.53,62375.84,62357,5
63624.47,63375.82,63358,5
64599.57,64375.80,64357,5
65607.65,65375.78,65357,5
66616.50,66375.76,66358,5
67606.49,67375.74,67358,5
68617.30,68375.73,68358,5
69605.65,69375.71,69358,5
70615.13,70375.69,70358,5
71594.41,71375.67,71357,5
72593.40,72375.65,72357,5
73591.45,73375.63,73356,5
74613.39,74375.61,74356,5
75593.10,75375.60,75355,5
76613.09,76375.58,76356,5
77622.45,77375.56,77357,5
78612.01,78375.54,78357,5
79602.20,79375.52,79357,5
80595.37,80375.50,80356,5
81601.10,81375.48,81356,5
82614.15,82375.46,82356,5
83606.84,83375.45,83356,5
84622.75,84375.43,84357,5
85591.07,85375.41,85356,5
86610.96,86375.39,86356,5
87591.38,87375.37,87355,5
88609.89,88375.35,88356,5
89612.07,89375.33,89356,5
90612.08,90375.32,90356,5
91598.19,91375.30,91356,5
92591.40,92375.28,92355,5
93607.93,93375.26,93355,5
94594.64,94375.24,94354,5
95607.95,95375.22,95355,5
96611.00,96375.20,96355,5
97600.56,97375.19,97355,5
98600.59,98375.17,98354,5
99602.79,99375.15,99354,5
100620.04,100375.13,100355,5
101613.60,101375.11,101356,5
102603.45,102375.09,102355,5
103608.92,103375.07,103356,5
104600.69,104375.06,104355,5
105610.52,105375.04,105356,5
106623.66,106375.02,106357,5
107618.67,107375.00,107357,5
108601.66,108374.98,108357,5
109600.67,109374.96,109357,5
110601.49,110374.94,110356,5
111594.70,111374.93,111356,5
112605.56,112374.91,112355,5
113618.61,113374.89,113356,5
114596.33,114374.87,114356,5
115624.48,115374.85,115357,5
116618.39,116374.83,116357,5
117602.50,117374.82,117357,5
118599.46,118374.80,118357,5
119601.40,119374.78,119356,5
120600.46,120374.76,120356,5
121616.23,121374.74,121356,5
122604.24,122374.72,122356,5
123605.37,123374.70,123356,5
124597.37,124374.69,124356,4
125610.53,125374.67,125357,4
126599.30,126374.65,126357,4
127616.24,127374.63,127358,4
128591.39,128374.61,128358,4
129599.15,129374.59,129358,4
130597.61,130374.57,130358,4
131603.90,131374.56,131358,4
132592.34,132374.54,132357,4
133598.42,133374.52,133357,4
134588.13,134374.50,134357,4
135610.47,135374.48,135357,4
136594.41,136374.46,136357,4
137609.24,137374.44,137358,4
138587.02,138374.43,138357,4
139593.18,139374.41,139357,4
140585.88,140374.39,140356,4
141602.95,141374.37,141356,5
142605.13,142374.35,142356,5
143623.43,143374.33,143357,5
144621.58,144374.32,144358,5
145610.13,145374.30,145358,5
146601.01,146374.28,146357,5
147609.89,147374.26,147357,5
148619.16,148374.24,148358,5
149591.87,149374.22,149357,5
150598.62,150374.20,150357,5
151618.95,151374.19,151357,5
152599.86,152374.17,152357,5
153610.07,153374.15,153357,5
154588.84,154374.13,154356,5
155601.79,155374.11,155356,5
156613.60,156374.09,156356,5
157590.06,157374.08,157355,5
158592.76,158374.06,158354,5
159600.56,159374.04,159354,5
160591.80,160374.02,160353,5
161606.55,161374.00,161353,5
162619.23,162373.98,162354,5
163588.77,163373.96,163353,5
164599.54,164373.95,164353,5
165603.69,165373.93,165353,5
166589.86,166373.91,166352,5
167601.58,167373.89,167352,5
168622.47,168373.87,168353,5
169589.52,169373.85,169352,5
170613.52,170373.84,170353,5
171589.17,171373.82,171352,5
172588.72,172373.80,172351,5
173621.55,173373.78,173353,5
174607.22,174373.76,174353,5
175592.49,175373.74,175352,5
176591.14,176373.73,176351,5
177591.56,177373.71,177351,5
178589.41,178373.69,178350,5
179591.40,179373.67,179349,5
180589.36,180373.65,180349,5
181588.47,181373.63,181348,5
182610.66,182373.62,182349,5
183598.45,183373.60,183349,5
184602.31,184373.58,184349,5
185601.17,185373.56,185349,5
186599.35,186373.54,186349,5
187587.10,187373.52,187348,5
188621.28,188373.50,188350,5
189617.53,189373.49,189351,5
190590.06,190373.47,190350,5
191595.36,191373.45,191350,5
192601.25,192373.43,192350,5
193600.39,193373.41,193350,5
194619.31,194373.39,194351,5
195608.22,195373.38,195351,5
196590.23,196373.36,196351,5
197600.09,197373.34,197351,5
198610.03,198373.32,198351,5
199611.05,199373.30,199352,5
200589.12,200373.28,200351,5
201590.00,201373.27,201350,5
202590.19,202373.25,202350,5
203593.95,203373.23,203349,5
204598.92,204373.21,204349,5
205596.86,205373.19,205349,5
206600.03,206373.17,206349,5
207619.73,207373.16,207350,5
208608.96,208373.14,208351,5
209599.93,209373.12,209351,5
210616.74,210373.10,210352,5
211592.80,211373.08,211351,5
212613.85,212373.07,212352,5
213594.75,213373.05,213351,5
214593.54,214373.03,214351,5
215607.72,215373.01,215351,5
216601.90,216372.99,216351,5
217602.68,217372.97,217351,5
218594.00,218372.96,218351,5
219593.82,219372.94,219350,5
220590.60,220372.92,220350,5
221597.45,221372.90,221350,5
222592.13,222372.88,222349,5
223614.32,223372.86,223350,5
224600.69,224372.85,224350,5
225590.43,225372.83,225349,5
226602.55,226372.81,226350,5
227612.56,227372.79,227350,5
228599.25,228372.77,228350,5
229608.66,229372.76,229351,5
230608.68,230372.74,230351,5
231600.65,231372.72,231351,5
232602.34,232372.70,232351,5
233592.28,233372.68,233351,5
234591.40,234372.66,234350,5
235609.32,235372.65,235351,5
236609.43,236372.63,236351,5
237618.30,237372.61,237352,5
238599.36,238372.59,238352,5
239593.23,239372.57,239351,5
240602.08,240372.55,240351,5
241594.16,241372.54,241351,5
242625.50,242372.52,242352,5
243615.15,243372.50,243353,5
244596.04,244372.48,244353,5
245605.32,245372.46,245353,5
246616.25,246372.45,246354,5
247614.05,247372.43,247354,5
248610.28,248372.41,248355,5
249620.42,249372.39,249356,5
250602.14,250372.37,250355,5
251623.16,251372.35,251356,5
252612.07,252372.34,252356,6
253628.94,253372.32,253357,6
254627.93,254372.30,254358,6
255623.02,255372.28,255358,6
256614.04,256372.26,256358,6
257628.06,257372.25,257358,6
258631.01,258372.23,258359,6
259618.66,259372.21,259359,6
260616.65,260372.19,260359,6
261617.76,261372.17,261359,6
262605.63,262372.15,262358,6
263614.64,263372.14,263358,6
264606.99,264372.12,264357,6
265605.59,265372.10,265357,6
266628.68,266372.08,266358,6
267605.46,267372.06,267357,6
268612.80,268372.05,268357,6
269616.74,269372.03,269357,6
270614.79,270372.01,270357,6
271611.35,271371.99,271356,6
272621.20,272371.97,272357,6
273632.87,273371.96,273358,6
274611.72,274371.94,274357,6
275616.57,275371.92,275357,6
276600.47,276371.90,276356,6
277600.61,277371.88,277356,6
278624.52,278371.86,278356,6
279625.74,279371.85,279357,6
280621.54,280371.83,280357,6
281624.47,281371.81,281358,6
282599.64,282371.79,282357,6
283598.84,283371.77,283356,6
284605.52,284371.76,284355,6
285602.39,285371.74,285354,6
286607.42,286371.72,286354,6
287624.27,287371.70,287355,6
288598.40,288371.68,288354,6
289606.10,289371.67,289353,6
290603.43,290371.65,290353,6
291625.49,291371.63,291354,6
292619.25,292371.61,292354,6
293614.25,293371.59,293354,6
294606.35,294371.57,294354,6
295604.34,295371.56,295353,6
296602.33,296371.54,296353,6
297617.34,297371.52,297353,6
298596.32,298371.50,298352,6
299605.21,299371.48,299352,6
300604.24,300371.47,300351,6
301603.11,301371.45,301351,6
302625.53,302371.43,302352,6
303607.02,303371.41,303351,6
304620.11,304371.39,304352,6
305620.00,305371.38,305353,6
306618.30,306371.36,306353,6
307600.04,307371.34,307352,6
308619.00,308371.32,308353,6
309611.90,309371.30,309353,6
310607.38,310371.29,310352,6
311607.90,311371.27,311352,6
312605.16,312371.25,312352,6
313603.81,313371.23,313351,6
314617.94,314371.21,314352,6
315604.72,315371.20,315351,6
316625.55,316371.18,316352,6
317598.91,317371.16,317352,6
318606.75,318371.14,318351,6
319605.86,319371.12,319351,6
320600.40,320371.11,320351,6
321629.98,321371.09,321352,6
322599.75,322371.07,322351,6
323616.82,323371.05,323351,6
324604.74,324371.03,324351,6
325597.50,325371.02,325350,6
326597.65,326371.00,326350,6
327599.57,327370.98,327349,6
328615.36,328370.96,328350,6
329620.32,329370.94,329350,6
330618.49,330370.92,330351,6
331598.84,331370.91,331350,6
332605.45,332370.89,332350,6
333624.82,333370.87,333351,6
334623.38,334370.85,334352,6
335615.37,335370.83,335352,6
336608.88,336370.82,336352,6
337615.68,337370.80,337352,6
338595.51,338370.78,338351,6
339594.37,339370.76,339351,5
340590.21,340370.74,340350,5
341599.40,341370.73,341350,5
342594.11,342370.71,342350,5
343609.53,343370.69,343350,5
344592.61,344370.67,344350,5
345611.43,345370.66,345350,5
346589.38,346370.64,346350,5
347588.24,347370.62,347349,5
348583.29,348370.60,348348,5
349582.51,349370.58,349347,5
350604.32,350370.57,350347,5
351596.13,351370.55,351347,5
352585.20,352370.53,352347,5
353605.24,353370.51,353347,5
354593.34,354370.49,354347,5
355594.29,355370.48,355347,5
356595.22,356370.46,356346,5
357592.33,357370.44,357346,5
358592.31,358370.42,358346,5
359591.49,359370.40,359346,5
360580.92,360370.39,360345,5
361585.41,361370.37,361344,5
362595.17,362370.35,362344,5
363592.29,363370.33,363344,5
364578.99,364370.31,364343,5
365581.31,365370.30,365342,5
366610.06,366370.28,366343,5
367600.22,367370.26,367344,5
368594.90,368370.24,368344,5
369596.05,369370.22,369344,5
370585.77,370370.21,370343,5
371608.02,371370.19,371344,5
372586.99,372370.17,372344,5
373586.07,373370.15,373343,5
374597.81,374370.13,374343,5
375594.54,375370.12,375344,5
376590.66,376370.10,376344,4
377585.61,377370.08,377344,4
378605.84,378370.06,378345,4
379583.70,379370.04,379345,4
380573.73,380370.03,380344,4
381584.09,381370.01,381344,4
382595.44,382369.99,382345,4
383578.84,383369.97,383344,4
384604.63,384369.96,384345,4
385578.82,385369.94,385345,4
386598.51,386369.92,386346,4
387587.60,387369.90,387346,4
388575.65,388369.88,388345,4
389578.57,389369.87,389344,4
390597.38,390369.85,390345,4
391579.86,391369.83,391345,4
392577.54,392369.81,392344,4
393587.34,393369.79,393344,4
394589.50,394369.78,394345,4
395598.20,395369.76,395345,4
396585.48,396369.74,396345,4
397589.24,397369.72,397345,4
398590.34,398369.70,398346,4
399590.42,399369.69,399346,4
400592.30,400369.67,400346,4
401595.25,401369.65,401347,4
402600.46,402369.63,402347,4
403581.52,403369.62,403347,4
404598.54,404369.60,404348,4
405590.39,405369.58,405348,4
406594.66,406369.56,406348,4
407592.35,407369.54,407348,4
408594.16,408369.53,408348,4
409609.49,409369.51,409350,4
410584.07,410369.49,410349,4
411611.21,411369.47,411350,4
412594.23,412369.46,412351,4
413592.93,413369.44,413351,4
414598.99,414369.42,414351,4
415583.01,415369.40,415351,4
416622.31,416369.38,416352,5
417600.86,417369.37,417352,5
418618.18,418369.35,418353,5
419609.97,419369.33,419353,5
420611.28,420369.31,420354,5
421620.95,421369.29,421355,5
422600.11,422369.28,422354,5
423597.13,423369.26,423354,5
424599.99,424369.24,424354,5
425621.71,425369.22,425355,5
426617.09,426369.21,426355,5
427600.72,427369.19,427355,5
428610.79,428369.17,428355,5
429594.59,429369.15,429355,5
430610.00,430369.13,430355,5
431594.92,431369.12,431354,5
432596.95,432369.10,432354,5
433600.45,433369.08,433354,5
434599.94,434369.06,434353,5
435619.65,435369.05,435354,5
436612.88,436369.03,436355,5
437593.27,437369.01,437354,5
438595.47,438368.99,438354,5
439596.75,439368.97,439353,5
440617.76,440368.96,440354,5
441612.92,441368.94,441354,5
442595.86,442368.92,442354,5
443597.72,443368.90,443354,5
444614.48,444368.89,444354,5
445586.75,445368.87,445353,5
446620.87,446368.85,446354,5
447597.50,447368.83,447354,5
448623.48,448368.81,448355,5
449612.84,449368.80,449355,5
450601.55,450368.78,450355,5
451611.46,451368.76,451355,5
452599.46,452368.74,452355,5
453600.45,453368.73,453355,5
454586.69,454368.71,454354,5
455608.36,455368.69,455354,5
456590.36,456368.67,456353,5
457608.12,457368.65,457353,5
458591.24,458368.64,458352,5
459590.51,459368.62,459352,5
460598.13,460368.60,460351,5
461618.35,461368.58,461352,5
462589.32,462368.57,462352,5
463610.23,463368.55,463352,5
464598.25,464368.53,464352,5
465608.30,465368.51,465352,5
466588.33,466368.49,466351,5
467601.29,467368.48,467351,5
468588.40,468368.46,468350,5
469597.09,469368.44,469350,5
470587.31,470368.42,470349,5
471588.08,471368.41,471349,5
472597.18,472368.39,472349,5
473610.10,473368.37,473349,5
474589.30,474368.35,474349,5
475588.13,475368.33,475348,5
476589.20,476368.32,476347,5
477586.12,477368.30,477347,5
478606.16,478368.28,478347,5
479593.58,479368.26,479347,5
480588.16,480368.25,480346,5
481606.11,481368.23,481347,5
482616.93,482368.21,482348,5
483589.95,483368.19,483348,5
484596.69,484368.18,484347,5
485615.93,485368.16,485349,5
486585.05,486368.14,486348,5
487587.97,487368.12,487347,5
488596.68,488368.10,488347,5
489607.60,489368.09,489348,5
490595.95,490368.07,490348,5
491597.90,491368.05,491348,5
492607.60,492368.03,492348,5
493616.73,493368.02,493349,5
494609.72,494368.00,494350,5
495589.01,495367.98,495349,5
496590.79,496367.96,496349,5
497598.72,497367.94,497349,5
498587.72,498367.93,498348,5
499587.63,499367.91,499347,5
500588.65,500367.89,500347,5
501598.77,501367.87,501347,5
502596.38,502367.86,502347,5
503621.46,503367.84,503348,5
504610.54,504367.82,504349,5
505597.64,505367.80,505349,5
506604.48,506367.79,506349,5
507609.37,507367.77,507350,5
508588.60,508367.75,508349,5
509615.62,509367.73,509350,5
510610.69,510367.71,510351,5
511620.29,511367.70,511352,5
512590.62,512367.68,512351,5
513590.57,513367.66,513350,5
514609.46,514367.64,514351,5
515591.41,515367.63,515350,5
516592.27,516367.61,516350,5
517591.30,517367.59,517349,5
518588.61,518367.57,518349,5
519599.27,519367.56,519349,5
520611.48,520367.54,520349,5
521604.29,521367.52,521350,5
522599.90,522367.50,522350,5
523608.22,523367.49,523350,5
524599.61,524367.47,524350,5
525609.21,525367.45,525351,5
526612.05,526367.43,526351,5
527602.01,527367.41,527351,5
528593.89,528367.40,528351,5
529610.12,529367.38,529351,5
530596.86,530367.36,530351,5
531598.26,531367.34,531351,5
532620.29,532367.33,532352,5
533609.92,533367.31,533352,5
534588.93,534367.29,534352,5
535605.28,535367.27,535352,5
536607.92,536367.26,536352,5
537606.29,537367.24,537352,5
538596.91,538367.22,538352,5
539618.29,539367.20,539353,5
540619.68,540367.19,540354,5
541614.65,541367.17,541355,5
542607.89,542367.15,542355,5
543598.87,543367.13,543354,5
544620.02,544367.11,544355,5
545618.14,545367.10,545356,5
546598.92,546367.08,546356,5
547598.93,547367.06,547355,5
548609.86,548367.04,548355,5
549608.07,549367.03,549356,5
550596.75,550367.01,550355,5
551609.81,551366.99,551355,5
552600.72,552366.97,552355,5
553598.87,553366.96,553355,5
554618.76,554366.94,554355,5
555589.49,555366.92,555354,5
556595.64,556366.90,556354,5
557607.49,557366.89,557354,5
558587.58,558366.87,558353,5
559607.62,559366.85,559353,5
560593.37,560366.83,560353,5
561587.61,561366.82,561352,5
562594.38,562366.80,562351,5
563591.58,563366.78,563350,5
564588.57,564366.76,564350,5
565596.75,565366.74,565349,5
566617.30,566366.73,566351,5
567597.49,567366.71,567350,5
568596.66,568366.69,568350,5
569601.65,569366.67,569350,5
570617.35,570366.66,570351,5
571604.44,571366.64,571351,5
572588.51,572366.62,572351,5
573600.48,573366.60,573350,5
574596.25,574366.59,574350,5
575619.45,575366.57,575351,5
576610.17,576366.55,576352,5
577606.06,577366.53,577352,5
578595.28,578366.52,578352,5
579600.83,579366.50,579352,5
580595.27,580366.48,580351,5
581610.41,581366.46,581352,5
582584.24,582366.45,582351,5
583592.15,583366.43,583350,5
584598.13,584366.41,584350,5
585606.11,585366.39,585350,5
586592.17,586366.38,586350,5
587606.01,587366.36,587350,5
588594.04,588366.34,588350,5
589612.03,589366.32,589350,5
590605.00,590366.31,590351,5
591593.13,591366.29,591350,5
592602.17,592366.27,592350,5
593584.27,593366.25,593349,5
594611.86,594366.24,594350,5
595601.05,595366.22,595350,5
596595.00,596366.20,596350,5
597604.84,597366.18,597350,5
598590.33,598366.16,598349,5
599601.73,599366.15,599349,5
600603.06,600366.13,600350,5
601609.94,601366.11,601350,5
602596.32,602366.09,602350,5
603600.74,603366.08,603350,5
604588.95,604366.06,604349,5
605596.77,605366.04,605349,5
606582.74,606366.02,606348,5
607585.74,607366.01,607347,5
608596.03,608365.99,608347,5
609593.49,609365.97,609347,5
610587.72,610365.95,610346,5
611598.63,611365.94,611346,5
612606.77,612365.92,612347,5
613603.67,613365.90,613347,5
614582.68,614365.88,614346,5
615615.62,615365.87,615348,5
616608.80,616365.85,616348,5
617608.34,617365.83,617349,5
618588.64,618365.81,618348,5
619588.52,619365.80,619348,5
620596.30,620365.78,620347,5
621608.66,621365.76,621348,5
622586.34,622365.74,622347,5
623599.32,623365.73,623347,5
624588.52,624365.71,624347,5
625587.54,625365.69,625346,5
626588.63,626365.67,626346,5
627588.44,627365.66,627345,5
628603.23,628365.64,628346,5
629596.61,629365.62,629346,5
630592.55,630365.60,630346,5
631586.25,631365.59,631345,5
632594.38,632365.57,632345,5
633617.53,633365.55,633346,5
634585.34,634365.53,634346,5
635588.13,635365.52,635345,5
636594.16,636365.50,636345,5
637594.23,637365.48,637345,5
638615.48,638365.46,638346,5
639609.27,639365.45,639347,5
640588.19,640365.43,640346,5
641598.25,641365.41,641346,5
642597.30,642365.39,642346,5
643597.81,643365.38,643346,5
644587.15,644365.36,644346,5
645588.12,645365.34,645345,5
646587.94,646365.32,646345,5
647597.03,647365.31,647345,5
648608.09,648365.29,648346,5
649606.83,649365.27,649346,5
650606.77,650365.25,650347,5
651593.00,651365.24,651347,5
652585.95,652365.22,652346,5
653602.88,653365.20,653346,5
654609.29,654365.18,654347,5
655590.39,655365.17,655347,5
656590.94,656365.15,656346,5
657593.99,657365.13,657346,5
658621.55,658365.11,658348,5
659624.63,659365.10,659349,5
660603.88,660365.08,660350,5
661593.75,661365.06,661349,5
662598.81,662365.04,662349,5
663615.77,663365.03,663350,5
664604.69,664365.01,664350,5
665597.53,665364.99,665350,5
666614.71,666364.97,666351,5
667613.80,667364.96,667352,5
668596.56,668364.94,668351,5
669590.68,669364.92,669351,5
670591.74,670364.90,670350,5
671613.44,671364.89,671351,5
672600.60,672364.87,672351,5
673579.56,673364.85,673350,5
674609.80,674364.83,674350,5
675588.33,675364.82,675349,5
676590.69,676364.80,676349,5
677580.66,677364.78,677348,5
678603.77,678364.76,678348,5
679611.52,679364.75,679349,5
680591.35,680364.73,680348,5
681591.53,681364.71,681348,5
682582.24,682364.69,682347,5
683598.27,683364.68,683347,5
684579.20,684364.66,684346,5
685578.50,685364.64,685345,5
686599.46,686364.62,686345,5
687599.50,687364.61,687345,5
688579.19,688364.59,688344,5
689582.29,689364.57,689343,5
690579.45,690364.55,690342,5
691580.22,691364.54,691342,5
692610.32,692364.52,692343,5
693589.52,693364.50,693343,5
694581.09,694364.48,694342,5
695610.34,695364.47,695343,5
696601.47,696364.45,696343,5
697611.16,697364.43,697345,5
698587.15,698364.41,698344,5
699578.26,699364.40,699343,5
700587.21,700364.38,700343,5
701600.20,701364.36,701343,5
702611.40,702364.34,702344,5
703593.02,703364.33,703344,5
704599.17,704364.31,704344,5
705611.15,705364.29,705345,5
706578.64,706364.28,706344,5
707592.27,707364.26,707344,5
708601.40,708364.24,708345,5
709604.21,709364.22,709345,5
710594.72,710364.21,710345,5
711611.72,711364.19,711346,5
712606.79,712364.17,712347,5
713604.03,713364.15,713347,5
714604.94,714364.14,714348,5
715594.06,715364.12,715347,5
716610.78,716364.10,716348,5
717592.02,717364.08,717348,5
718613.00,718364.07,718349,5
719610.77,719364.05,719349,5
720584.97,720364.03,720348,5
721601.94,721364.01,721349,5
722589.68,722364.00,722348,5
723593.47,723363.98,723348,5
724604.82,724363.96,724348,5
725610.09,725363.94,725349,5
726599.46,726363.93,726349,5
727600.82,727363.91,727349,5
728585.03,728363.89,728348,5
729590.50,729363.87,729348,5
730582.82,730363.86,730347,5
731598.45,731363.84,731347,5
732600.75,732363.82,732347,5
733580.48,733363.80,733346,5
734608.77,734363.79,734347,5
735585.66,735363.77,735346,4
736586.25,736363.75,736346,4
737595.68,737363.73,737347,4
738592.66,738363.72,738347,5
739591.67,739363.70,739346,5
740588.62,740363.68,740346,5
741603.76,741363.67,741346,5
742590.09,742363.65,742346,5
743586.55,743363.63,743346,4
744584.51,744363.61,744346,4
745591.56,745363.60,745346,4
746578.10,746363.58,746345,4
747601.45,747363.56,747346,4
748583.26,748363.54,748346,4
749590.28,749363.53,749346,4
750573.60,750363.51,750345,4
751573.40,751363.49,751344,4
752574.34,752363.47,752344,4
753583.60,753363.46,753344,4
754589.89,754363.44,754344,4
755590.31,755363.42,755344,4
756574.68,756363.40,756343,4
757581.36,757363.39,757343,4
758585.29,758363.37,758343,4
759585.25,759363.35,759343,4
760593.29,760363.33,760344,4
761573.60,761363.32,761343,4
762590.15,762363.30,762343,4
763571.46,763363.28,763343,4
764569.95,764363.26,764342,4
765578.94,765363.25,765341,4
766579.12,766363.23,766341,4
767592.34,767363.21,767342,4
768600.05,768363.20,768343,4
769578.78,769363.18,769342,5
770577.94,770363.16,770341,5
771598.86,771363.14,771342,5
772589.88,772363.13,772341,5
773580.97,773363.11,773341,5
774587.16,774363.09,774340,5
775587.86,775363.07,775340,5
776578.80,776363.06,776340,5
777600.60,777363.04,777340,5
778591.02,778363.02,778340,5
779582.78,779363.00,779340,5
780590.75,780362.99,780340,5
781609.80,781362.97,781341,5
782580.71,782362.95,782340,5
783593.83,783362.93,783340,5
784584.54,784362.92,784340,5
785587.59,785362.90,785340,5
786593.76,786362.88,786340,5
787612.72,787362.86,787341,5
788581.65,788362.85,788341,5
789598.50,789362.83,789341,5
790598.70,790362.81,790342,5
791592.61,791362.80,791342,5
792603.37,792362.78,792342,5
793601.50,793362.76,793343,5
794579.77,794362.74,794342,5
795603.81,795362.73,795343,5
796580.65,796362.71,796342,5
797592.40,797362.69,797342,5
798576.53,798362.67,798341,5
799592.29,799362.66,799341,5
800596.39,800362.64,800341,5
801584.50,801362.62,801341,5
802588.37,802362.60,802341,5
803585.26,803362.59,803340,5
804592.37,804362.57,804340,5
805599.50,805362.55,805341,5
806602.42,806362.53,806342,5
807591.35,807362.52,807342,5
808608.37,808362.50,808343,5
809603.63,809362.48,809343,5
810602.42,810362.47,810344,5
811582.36,811362.45,811343,5
812590.50,812362.43,812343,5
813600.02,813362.41,813343,5
814584.25,814362.40,814343,5
815584.87,815362.38,815342,5
816581.28,816362.36,816341,5
817581.03,817362.34,817341,5
818581.42,818362.33,818340,5
819582.29,819362.31,819340,5
820588.12,820362.29,820340,5
821582.94,821362.27,821339,5
822588.05,822362.26,822339,5
823588.16,823362.24,823339,5
824581.14,824362.22,824338,5
825588.10,825362.21,825338,5
826583.26,826362.19,826338,5
827592.33,827362.17,827338,5
828589.77,828362.15,828338,5
829588.76,829362.14,829338,5
830590.99,830362.12,830338,5
831599.80,831362.10,831339,5
832581.85,832362.08,832339,5
833585.01,833362.07,833338,5
834580.27,834362.05,834338,5
835592.02,835362.03,835338,5
836588.65,836362.01,836338,5
837578.95,837362.00,837337,5
838589.61,838361.98,838338,5
839577.57,839361.96,839337,5
840587.69,840361.95,840337,5
841595.89,841361.93,841337,5
842609.82,842361.91,842339,5
843589.59,843361.89,843339,5
844586.44,844361.88,844339,5
845590.62,845361.86,845339,5
846585.44,846361.84,846339,5
847588.40,847361.82,847338,5
848601.81,848361.81,848339,5
849588.64,849361.79,849339,5
850585.58,850361.77,850339,5
851597.56,851361.75,851339,5
852584.39,852361.74,852339,5
853589.64,853361.72,853339,5
854590.65,854361.70,854339,5
855606.73,855361.69,855340,5
856581.53,856361.67,856340,5
857605.49,857361.65,857340,6
858597.26,858361.63,858340,6
859590.36,859361.62,859339,6
860591.35,860361.60,860339,6
861599.49,861361.58,861339,6
862592.54,862361.56,862339,6
863601.33,863361.55,863339,6
864596.07,864361.53,864339,6
865598.01,865361.51,865339,6
866598.22,866361.49,866339,6
867617.03,867361.48,867340,6
868596.30,868361.46,868340,6
869609.08,869361.44,869340,6
870593.13,870361.43,870340,6
871595.44,871361.41,871340,6
872620.35,872361.39,872341,6
873600.11,873361.37,873341,6
874604.98,874361.36,874341,6
875605.07,875361.34,875342,6
876611.97,876361.32,876342,6
877593.88,877361.30,877342,6
878615.32,878361.29,878343,6
879604.17,879361.27,879343,6
880605.05,880361.25,880343,6
881615.87,881361.23,881344,6
882599.01,882361.22,882344,6
883589.96,883361.20,883343,6
884626.68,884361.18,884344,6
885603.80,885361.17,885344,6
886604.72,886361.15,886344,6
887612.26,887361.13,887345,6
888623.61,888361.11,888346,6
889606.91,889361.10,889346,6
890607.88,890361.08,890346,6
891603.89,891361.06,891346,6
892605.97,892361.04,892346,6
893608.04,893361.03,893346,6
894607.68,894361.01,894347,6
895619.74,895360.99,895347,6
896589.05,896360.98,896346,6
897595.80,897360.96,897346,6
898595.67,898360.94,898345,6
899604.97,899360.92,899345,6
900600.72,900360.91,900345,6
901590.60,901360.89,901344,6
902613.60,902360.87,902345,6
903599.37,903360.85,903345,6
904593.06,904360.84,904344,6
905598.62,905360.82,905344,6
906589.89,906360.80,906343,6
907608.85,907360.78,907343,6
908597.38,908360.77,908343,6
909608.38,909360.75,909343,6
910617.45,910360.73,910344,6
911593.64,911360.72,911344,6
912611.65,912360.70,912344,6
913600.44,913360.68,913344,6
914596.71,914360.66,914344,6
915585.18,915360.65,915343,6
916613.45,916360.63,916343,6
917616.39,917360.61,917344,6
918601.47,918360.59,918344,6
919607.30,919360.58,919344,6
920595.93,920360.56,920344,6
921596.25,921360.54,921343,6
922588.27,922360.53,922343,6
923609.50,923360.51,923343,6
924587.28,924360.49,924342,6
925605.38,925360.47,925342,6
926586.09,926360.46,926341,6
927587.42,927360.44,927341,6
928597.34,928360.42,928341,6
929618.14,929360.40,929342,6
930595.96,930360.39,930341,6
931615.29,931360.37,931342,6
932602.94,932360.35,932342,6
933593.05,933360.34,933342,6
934587.09,934360.32,934341,6
935605.12,935360.30,935341,6
936584.82,936360.28,936340,6
937602.97,937360.27,937341,6
938587.03,938360.25,938340,6
939583.97,939360.23,939339,6
940584.96,940360.21,940338,6
941617.06,941360.20,941339,6
942605.92,942360.18,942340,6
943584.01,943360.16,943339,6
944578.88,944360.14,944338,5
945579.73,945360.13,945338,5
946579.84,946360.11,946337,5
947591.61,947360.09,947337,5
948574.05,948360.08,948337,5
949583.76,949360.06,949336,5
950584.91,950360.04,950336,5
951585.64,951360.02,951336,5
952597.76,952360.01,952337,5
953589.89,953359.99,953337,5
954582.58,954359.97,954337,5
955585.62,955359.95,955337,5
956585.91,956359.94,956337,5
957575.44,957359.92,957336,5
958605.64,958359.90,958337,5
959579.65,959359.89,959337,5
960586.76,960359.87,960337,5
961576.75,961359.85,961336,5
962596.68,962359.83,962337,5
963575.74,963359.82,963336,5
964595.78,964359.80,964336,5
965591.59,965359.78,965336,6
966582.35,966359.76,966335,6
967584.37,967359.75,967335,6
968595.45,968359.73,968335,6
969594.49,969359.71,969335,6
970594.32,970359.70,970335,6
971613.59,971359.68,971336,6
972598.59,972359.66,972336,6
973609.72,973359.64,973337,6
974595.27,974359.63,974338,5
975574.44,975359.61,975337,5
976587.14,976359.59,976337,5
977590.51,977359.57,977337,5
978597.34,978359.56,978338,5
979586.38,979359.54,979337,5
980576.22,980359.52,980337,5
981598.32,981359.51,981337,5
982578.16,982359.49,982337,5
983596.42,983359.47,983337,5
984574.03,984359.45,984337,5
985583.36,985359.44,985336,5
986581.04,986359.42,986336,5
987590.39,987359.40,987336,6
988588.13,988359.38,988335,6
989598.14,989359.37,989335,6
990585.94,990359.35,990335,6
991595.13,991359.33,991335,6
992596.08,992359.32,992335,6
993617.22,993359.30,993336,6
994591.69,994359.28,994336,6
995608.84,995359.26,995337,6
996606.20,996359.25,996338,6
997591.06,997359.23,997337,6
998596.16,998359.21,998337,6
999617.95,999359.19,999338,6
1000594.79,1000359.18,1000338,6
1001588.77,1001359.16,1001338,6
1002606.63,1002359.14,1002338,6
1003614.97,1003359.13,1003339,6
1004593.92,1004359.11,1004339,6
1005608.88,1005359.09,1005340,6
1006615.22,1006359.07,1006341,6
1007591.60,1007359.06,1007340,6
1008609.83,1008359.04,1008341,6
1009596.81,1009359.02,1009341,6
1010598.88,1010359.00,1010341,6
1011587.66,1011358.99,1011340,6
1012617.50,1012358.97,1012341,6
1013596.73,1013358.95,1013341,6
1014614.65,1014358.94,1014342,6
1015603.82,1015358.92,1015342,6
1016596.83,1016358.90,1016342,6
1017608.91,1017358.88,1017342,6
1018595.48,1018358.87,1018342,6
1019613.85,1019358.85,1019343,5
1020612.62,1020358.83,1020344,5
1021588.42,1021358.81,1021344,5
1022604.65,1022358.80,1022345,5
1023581.63,1023358.78,1023344,5
1024579.69,1024358.76,1024343,5
1025595.41,1025358.75,1025343,5
1026594.51,1026358.73,1026343,5
1027582.38,1027358.71,1027342,5
1028585.53,1028358.69,1028342,5
1029574.54,1029358.68,1029341,5
1030591.37,1030358.66,1030341,5
1031576.61,1031358.64,1031340,5
1032600.44,1032358.62,1032341,5
1033610.49,1033358.61,1033342,5
1034610.56,1034358.59,1034343,5
1035589.76,1035358.57,1035343,5
1036586.48,1036358.56,1036342,5
1037602.41,1037358.54,1037343,5
1038591.18,1038358.52,1038343,5
1039586.21,1039358.50,1039342,5
1040591.04,1040358.49,1040342,5
1041595.29,1041358.47,1041342,5
1042586.15,1042358.45,1042343,4
1043579.14,1043358.43,1043342,4
1044568.35,1044358.42,1044341,4
1045591.18,1045358.40,1045341,5
1046603.96,1046358.38,1046342,5
1047574.41,1047358.37,1047341,5
1048602.15,1048358.35,1048342,5
1049575.30,1049358.33,1049341,5
1050574.88,1050358.31,1050339,5
1051602.68,1051358.30,1051340,5
1052585.91,1052358.28,1052340,5
1053602.38,1053358.26,1053341,5
1054584.10,1054358.24,1054340,5
1055597.80,1055358.23,1055341,5
1056591.91,1056358.21,1056341,5
1057583.01,1057358.19,1057340,5
1058582.87,1058358.18,1058340,5
1059583.92,1059358.16,1059339,5
1060581.77,1060358.14,1060339,5
1061585.77,1061358.12,1061339,5
1062605.03,1062358.11,1062340,5
1063584.98,1063358.09,1063339,5
1064583.81,1064358.07,1064339,5
1065575.08,1065358.06,1065338,5
1066585.85,1066358.04,1066338,5
1067588.79,1067358.02,1067338,5
1068583.67,1068358.00,1068338,5
1069574.71,1069357.99,1069337,5
1070594.73,1070357.97,1070337,5
1071595.68,1071357.95,1071338,5
1072576.52,1072357.93,1072337,5
1073595.66,1073357.92,1073337,5
1074585.72,1074357.90,1074337,5
1075574.78,1075357.88,1075337,5
1076604.29,1076357.87,1076338,5
1077575.48,1077357.85,1077337,5
1078585.40,1078357.83,1078337,5
1079605.41,1079357.81,1079338,5
1080603.53,1080357.80,1080339,5
1081596.69,1081357.78,1081339,5
1082584.77,1082357.76,1082339,5
1083582.36,1083357.75,1083338,5
1084582.52,1084357.73,1084338,5
1085586.63,1085357.71,1085338,5
1086596.30,1086357.69,1086338,5
1087594.76,1087357.68,1087339,5
1088582.26,1088357.66,1088338,5
1089574.24,1089357.64,1089337,5
1090584.01,1090357.62,1090337,5
1091577.19,1091357.61,1091337,5
1092575.42,1092357.59,1092336,5
1093576.40,1093357.57,1093335,5
1094574.32,1094357.56,1094334,5
1095573.43,1095357.54,1095334,5
1096595.52,1096357.52,1096334,5
1097594.37,1097357.50,1097335,5
1098575.35,1098357.49,1098334,5
1099576.21,1099357.47,1099334,5
1100583.16,1100357.45,1100334,5
1101584.14,1101357.44,1101334,5
1102577.52,1102357.42,1102333,5
1103591.12,1103357.40,1103334,5
1104596.25,1104357.38,1104335,5
1105605.17,1105357.37,1105336,5
1106585.25,1106357.35,1106336,5
1107595.16,1107357.33,1107336,5
1108584.09,1108357.31,1108336,5
1109586.29,1109357.30,1109336,5
1110592.24,1110357.28,1110336,5
1111583.79,1111357.26,1111336,5
1112573.22,1112357.25,1112335,5
1113591.05,1113357.23,1113336,5
1114591.23,1114357.21,1114336,5
1115571.95,1115357.19,1115335,5
1116588.18,1116357.18,1116335,5
1117570.75,1117357.16,1117334,5
1118597.02,1118357.14,1118335,5
1119567.45,1119357.13,1119334,5
1120580.38,1120357.11,1120334,5
1121580.85,1121357.09,1121334,5
1122587.79,1122357.07,1122334,5
1123569.12,1123357.06,1123333,5
1124595.11,1124357.04,1124334,5
1125578.79,1125357.02,1125333,5
1126580.68,1126357.00,1126333,5
1127588.71,1127356.99,1127333,5
1128581.94,1128356.97,1128333,5
1129592.88,1129356.95,1129334,5
1130601.51,1130356.94,1130335,5
1131579.86,1131356.92,1131335,5
1132573.91,1132356.90,1132334,5
1133596.82,1133356.88,1133335,5
1134584.62,1134356.87,1134335,5
1135594.75,1135356.85,1135335,5
1136597.02,1136356.83,1136336,5
1137575.58,1137356.82,1137335,5
1138575.64,1138356.80,1138335,5
1139585.59,1139356.78,1139335,5
1140594.62,1140356.76,1140335,5
1141596.62,1141356.75,1141336,5
1142594.67,1142356.73,1142336,5
1143603.19,1143356.71,1143337,5
1144584.77,1144356.70,1144337,5
1145607.65,1145356.68,1145338,5
1146604.40,1146356.66,1146339,5
1147603.55,1147356.64,1147340,5
1148582.38,1148356.63,1148340,5
1149581.06,1149356.61,1149339,5
1150573.59,1150356.59,1150338,5
1151603.53,1151356.57,1151339,5
1152575.66,1152356.56,1152338,5
1153573.56,1153356.54,1153337,5
1154578.69,1154356.52,1154337,5
1155580.26,1155356.51,1155336,5
1156581.15,1156356.49,1156336,5
1157584.26,1157356.47,1157336,5
1158571.28,1158356.45,1158335,5
1159582.18,1159356.44,1159335,5
1160579.10,1160356.42,1160334,5
1161582.30,1161356.40,1161334,5
1162574.21,1162356.39,1162333,5
1163605.24,1163356.37,1163335,5
1164578.90,1164356.35,1164334,5
1165601.07,1165356.33,1165335,5
1166582.07,1166356.32,1166335,5
1167594.32,1167356.30,1167336,5
1168604.21,1168356.28,1168337,5
1169581.89,1169356.27,1169337,5
1170579.16,1170356.25,1170336,5
1171591.00,1171356.23,1171336,5
1172590.29,1172356.21,1172337,5
1173580.99,1173356.20,1173336,5
1174583.03,1174356.18,1174336,5
1175591.81,1175356.16,1175336,5
1176575.02,1176356.15,1176336,5
1177570.95,1177356.13,1177335,5
1178590.02,1178356.11,1178335,5
1179592.21,1179356.09,1179335,5
1180592.97,1180356.08,1180336,5
1181585.97,1181356.06,1181336,5
1182603.94,1182356.04,1182337,5
1183572.63,1183356.02,1183336,5
1184578.59,1184356.01,1184335,5
1185583.74,1185355.99,1185335,5
1186583.93,1186355.97,1186335,5
1187592.09,1187355.96,1187336,5
1188570.67,1188355.94,1188335,5
1189579.86,1189355.92,1189334,5
1190577.72,1190355.90,1190334,5
1191592.72,1191355.89,1191334,5
1192591.05,1192355.87,1192335,5
1193589.55,1193355.85,1193335,5
1194608.52,1194355.84,1194336,5
1195586.72,1195355.82,1195336,5
1196606.52,1196355.80,1196338,5
1197590.85,1197355.78,1197338,5
1198599.66,1198355.77,1198339,5
1199590.56,1199355.75,1199339,5
1200599.82,1200355.73,1200339,5
1201589.53,1201355.72,1201339,5
1202605.37,1202355.70,1202340,5
1203607.58,1203355.68,1203341,5
1204587.15,1204355.66,1204341,5
1205586.47,1205355.65,1205341,5
1206582.73,1206355.63,1206340,5
1207605.53,1207355.61,1207341,5
1208605.41,1208355.60,1208342,5
1209605.16,1209355.58,1209343,5
1210607.13,1210355.56,1210344,5
1211579.48,1211355.54,1211343,5
1212585.58,1212355.53,1212342,5
1213585.45,1213355.51,1213342,5
1214576.39,1214355.49,1214341,5
1215586.19,1215355.48,1215340,5
1216580.08,1216355.46,1216340,5
1217583.37,1217355.44,1217339,5
1218578.24,1218355.42,1218339,5
1219580.99,1219355.41,1219338,5
1220576.98,1220355.39,1220337,5
1221578.23,1221355.37,1221337,5
1222577.07,1222355.36,1222336,5
1223586.89,1223355.34,1223336,5
1224583.88,1224355.32,1224336,5
1225574.95,1225355.30,1225335,5
1226576.24,1226355.29,1226335,5
1227584.17,1227355.27,1227335,5
1228574.06,1228355.25,1228334,5
1229576.11,1229355.23,1229333,5
1230583.17,1230355.22,1230333,5
1231582.04,1231355.20,1231333,5
1232576.04,1232355.18,1232333,5
1233582.99,1233355.17,1233333,5
1234576.77,1234355.15,1234332,5
1235585.00,1235355.13,1235332,5
1236604.96,1236355.11,1236334,5
1237583.92,1237355.10,1237334,5
1238573.89,1238355.08,1238333,5
1239583.79,1239355.06,1239333,5
1240593.86,1240355.05,1240334,5
1241578.03,1241355.03,1241333,5
1242574.87,1242355.01,1242333,5
1243566.83,1243354.99,1243332,5
1244593.57,1244354.98,1244333,5
1245580.58,1245354.96,1245332,5
1246571.83,1246354.94,1246332,5
1247582.68,1247354.93,1247332,5
1248601.65,1248354.91,1248333,5
1249592.59,1249354.89,1249334,5
1250571.55,1250354.87,1250333,5
1251600.66,1251354.86,1251334,5
1252590.78,1252354.84,1252334,5
1253593.64,1253354.82,1253335,5
1254580.78,1254354.81,1254334,5
1255579.50,1255354.79,1255334,5
1256583.62,1256354.77,1256334,5
1257601.28,1257354.75,1257335,5
1258589.60,1258354.74,1258335,5
1259593.57,1259354.72,1259336,5
1260570.53,1260354.70,1260335,5
1261572.40,1261354.69,1261334,5
1262585.93,1262354.67,1262334,5
1263594.20,1263354.65,1263335,5
1264573.20,1264354.63,1264334,5
1265588.16,1265354.62,1265334,5
1266575.87,1266354.60,1266334,4
1267575.37,1267354.58,1267334,4
1268566.68,1268354.57,1268334,4
1269586.35,1269354.55,1269334,5
1270582.30,1270354.53,1270334,5
1271595.47,1271354.51,1271334,5
1272582.23,1272354.50,1272334,5
1273582.23,1273354.48,1273334,5
1274598.22,1274354.46,1274335,4
1275576.18,1275354.45,1275335,4
1276575.26,1276354.43,1276335,4
1277578.96,1277354.41,1277335,4
1278576.17,1278354.39,1278335,4
1279574.05,1279354.38,1279335,4
1280575.06,1280354.36,1280335,4
1281565.18,1281354.34,1281334,4
1282585.00,1282354.33,1282335,4
1283587.36,1283354.31,1283336,4
1284576.11,1284354.29,1284336,4
1285586.18,1285354.27,1285336,4
1286565.24,1286354.26,1286335,4
1287593.87,1287354.24,1287336,4
1288565.18,1288354.22,1288336,4
1289587.89,1289354.21,1289336,4
1290594.98,1290354.19,1290337,4
1291574.08,1291354.17,1291337,4
1292573.54,1292354.15,1292336,5
1293593.03,1293354.14,1293337,5
1294572.64,1294354.12,1294336,5
1295603.09,1295354.10,1295337,5
1296603.78,1296354.09,1296338,5
1297582.77,1297354.07,1297337,5
1298582.76,1298354.05,1298337,5
1299595.74,1299354.03,1299338,5
1300581.92,1300354.02,1300337,5
1301605.88,1301354.00,1301338,5
1302572.30,1302353.98,1302337,5
1303590.80,1303353.97,1303338,5
1304590.88,1304353.95,1304338,5
1305594.85,1305353.93,1305338,5
1306568.80,1306353.91,1306337,5
1307570.58,1307353.90,1307336,5
1308598.93,1308353.88,1308337,5
1309580.60,1309353.86,1309336,5
1310572.59,1310353.85,1310335,5
1311578.57,1311353.83,1311335,5
1312581.37,1312353.81,1312335,5
1313592.60,1313353.79,1313335,5
1314582.46,1314353.78,1314335,5
1315583.78,1315353.76,1315335,5
1316603.44,1316353.74,1316336,5
1317582.42,1317353.73,1317336,5
1318584.49,1318353.71,1318336,5
1319585.41,1319353.69,1319336,5
1320598.04,1320353.67,1320336,5
1321601.45,1321353.66,1321337,5
1322579.51,1322353.64,1322337,5
1323576.37,1323353.62,1323336,5
1324569.28,1324353.61,1324335,5
1325574.44,1325353.59,1325334,5
1326577.31,1326353.57,1326334,5
1327590.52,1327353.55,1327334,5
1328590.28,1328353.54,1328335,5
1329576.17,1329353.52,1329334,5
1330582.54,1330353.50,1330334,5
1331576.11,1331353.49,1331333,5
1332583.51,1332353.47,1332333,5
1333583.64,1333353.45,1333333,5
1334593.37,1334353.43,1334334,5
1335580.98,1335353.42,1335334,5
1336603.46,1336353.40,1336335,5
1337587.39,1337353.38,1337335,5
1338580.14,1338353.37,1338335,5
1339602.37,1339353.35,1339336,5
1340583.28,1340353.33,1340336,5
1341588.09,1341353.31,1341336,5
1342591.18,1342353.30,1342336,5
1343591.12,1343353.28,1343336,5
1344577.99,1344353.26,1344336,5
1345571.32,1345353.25,1345335,5
1346582.17,1346353.23,1346335,5
1347577.96,1347353.21,1347334,5
1348584.00,1348353.19,1348334,5
1349595.98,1349353.18,1349335,5
1350579.86,1350353.16,1350334,5
1351601.89,1351353.14,1351336,5
1352591.89,1352353.13,1352336,5
1353581.01,1353353.11,1353336,5
1354581.98,1354353.09,1354335,5
1355584.27,1355353.07,1355335,5
1356578.83,1356353.06,1356335,5
1357581.97,1357353.04,1357335,5
1358589.82,1358353.02,1358335,5
1359598.74,1359353.01,1359336,5
1360584.09,1360352.99,1360336,5
1361595.01,1361352.97,1361336,5
1362584.00,1362352.95,1362336,5
1363578.71,1363352.94,1363335,5
1364579.59,1364352.92,1364335,5
1365570.75,1365352.90,1365334,5
1366580.51,1366352.89,1366334,5
1367579.86,1367352.87,1367334,5
1368573.89,1368352.85,1368333,5
1369591.49,1369352.83,1369333,5
1370572.65,1370352.82,1370333,5
1371581.61,1371352.80,1371333,5
1372580.49,1372352.78,1372333,5
1373594.37,1373352.77,1373333,5
1374575.46,1374352.75,1374333,5
1375594.62,1375352.73,1375333,5
1376576.49,1376352.71,1376333,5
1377577.90,1377352.70,1377333,5
1378584.55,1378352.68,1378333,5
1379584.41,1379352.66,1379333,5
1380572.73,1380352.65,1380332,5
1381603.50,1381352.63,1381333,5
1382607.64,1382352.61,1382335,5
1383585.17,1383352.59,1383335,5
1384605.33,1384352.58,1384336,5
1385588.60,1385352.56,1385336,5
1386597.62,1386352.54,1386337,5
1387576.37,1387352.53,1387336,5
1388574.43,1388352.51,1388335,5
1389569.34,1389352.49,1389334,5
1390567.05,1390352.47,1390333,5
1391590.52,1391352.46,1391334,5
1392569.15,1392352.44,1392333,5
1393578.19,1393352.42,1393332,5
1394569.42,1394352.41,1394332,5
1395589.24,1395352.39,1395332,5
1396587.77,1396352.37,1396332,5
1397583.15,1397352.35,1397332,5
1398573.07,1398352.34,1398332,5
1399601.07,1399352.32,1399333,5
1400583.18,1400352.30,1400333,5
1401594.28,1401352.29,1401334,5
1402582.28,1402352.27,1402334,5
1403605.04,1403352.25,1403335,5
1404594.11,1404352.23,1404335,5
1405576.00,1405352.22,1405335,5
1406582.85,1406352.20,1406335,5
1407584.26,1407352.18,1407335,5
1408593.86,1408352.17,1408335,5
1409585.85,1409352.15,1409335,5
1410595.94,1410352.13,1410336,5
1411571.95,1411352.12,1411335,5
1412573.75,1412352.10,1412334,5
1413574.86,1413352.08,1413334,5
1414581.69,1414352.06,1414333,5
1415575.70,1415352.05,1415333,5
1416572.63,1416352.03,1416332,5
1417621.32,1417352.01,1417335,5
1418581.97,1418352.00,1418334,5
1419571.78,1419351.98,1419334,5
1420581.94,1420351.96,1420333,5
1421582.47,1421351.94,1421333,5
1422571.62,1422351.93,1422333,5
1423578.07,1423351.91,1423332,5
1424579.94,1424351.89,1424332,5
1425581.77,1425351.88,1425332,5
1426601.81,1426351.86,1426333,5
1427603.56,1427351.84,1427335,5
1428595.06,1428351.82,1428335,5
1429583.71,1429351.81,1429335,5
1430591.80,1430351.79,1430335,5
1431577.38,1431351.77,1431334,6
1432577.63,1432351.76,1432333,6
1433597.60,1433351.74,1433334,6
1434587.65,1434351.72,1434333,6
1435596.79,1435351.70,1435334,6
1436578.32,1436351.69,1436333,6
1437580.61,1437351.67,1437332,6
1438606.28,1438351.65,1438333,6
1439575.46,1439351.64,1439332,6
1440575.43,1440351.62,1440331,6
1441597.40,1441351.60,1441331,6
1442577.23,1442351.58,1442331,6
1443587.29,1443351.57,1443330,6
1444607.32,1444351.55,1444331,6
1445608.28,1445351.53,1445333,6
1446595.48,1446351.52,1446333,6
1447578.14,1447351.50,1447332,6
1448583.43,1448351.48,1448331,6
1449569.23,1449351.46,1449330,6
1450581.43,1450351.45,1450330,6
1451576.18,1451351.43,1451329,6
1452575.09,1452351.41,1452328,6
1453593.32,1453351.40,1453329,6
1454574.39,1454351.38,1454328,6
1455574.20,1455351.36,1455327,6
1456584.14,1456351.34,1456327,6
1457607.12,1457351.33,1457328,6
1458595.19,1458351.31,1458329,6
1459592.06,1459351.29,1459329,6
1460593.87,1460351.28,1460329,6
1461575.95,1461351.26,1461328,6
1462575.95,1462351.24,1462328,5
1463581.78,1463351.22,1463329,5
1464590.10,1464351.21,1464329,5
1465573.99,1465351.19,1465329,5
1466572.87,1466351.17,1466329,5
1467572.74,1467351.16,1467328,5
1468569.86,1468351.14,1468328,5
1469581.72,1469351.12,1469328,5
1470570.81,1470351.10,1470327,5
1471569.74,1471351.09,1471327,5
1472564.78,1472351.07,1472326,5
1473563.74,1473351.05,1473325,5
1474581.93,1474351.04,1474326,5
1475587.85,1475351.02,1475326,5
1476566.76,1476351.00,1476326,5
1477570.68,1477350.98,1477325,5
1478573.88,1478350.97,1478325,5
1479572.81,1479350.95,1479325,5
1480570.93,1480350.93,1480325,5
1481573.63,1481350.92,1481325,5
1482564.61,1482350.90,1482324,5
1483571.74,1483350.88,1483324,5
1484572.82,1484350.86,1484324,5
1485571.61,1485350.85,1485324,5
1486571.71,1486350.83,1486323,5
1487582.44,1487350.81,1487323,6
1488591.52,1488350.80,1488324,6
1489587.71,1489350.78,1489324,6
1490580.50,1490350.76,1490324,6
1491579.70,1491350.75,1491324,6
1492577.39,1492350.73,1492323,6
1493577.57,1493350.71,1493324,5
1494565.55,1494350.69,1494323,5
1495570.39,1495350.68,1495323,5
1496566.34,1496350.66,1496323,5
1497566.42,1497350.64,1497322,5
1498571.68,1498350.63,1498322,5
1499575.35,1499350.61,1499322,5
1500573.36,1500350.59,1500322,5
1501581.43,1501350.57,1501323,5
1502572.32,1502350.56,1502323,5
1503564.43,1503350.54,1503322,5
1504571.48,1504350.52,1504322,5
1505577.20,1505350.51,1505322,5
1506567.38,1506350.49,1506322,5
1507570.99,1507350.47,1507322,5
1508573.41,1508350.45,1508322,5
1509572.02,1509350.44,1509322,5
1510569.98,1510350.42,1510322,5
1511592.99,1511350.40,1511323,5
1512569.20,1512350.39,1512323,5
1513568.10,1513350.37,1513323,5
1514573.01,1514350.35,1514323,5
1515563.45,1515350.33,1515322,5
1516573.26,1516350.32,1516322,5
1517573.88,1517350.30,1517322,5
1518576.09,1518350.28,1518322,5
1519562.99,1519350.27,1519322,5
1520565.55,1520350.25,1520321,5
1521575.72,1521350.23,1521322,5
1522563.75,1522350.22,1522321,5
1523574.64,1523350.20,1523321,5
1524565.14,1524350.18,1524321,5
1525563.81,1525350.16,1525320,5
1526582.80,1526350.15,1526321,5
1527561.93,1527350.13,1527320,5
1528562.42,1528350.11,1528320,5
1529583.03,1529350.10,1529321,5
1530562.54,1530350.08,1530320,5
1531562.51,1531350.06,1531320,5
1532582.82,1532350.04,1532320,5
1533583.63,1533350.03,1533321,5
1534570.52,1534350.01,1534321,5
1535564.87,1535349.99,1535321,5
1536572.75,1536349.98,1536321,5
1537573.81,1537349.96,1537321,5
1538562.86,1538349.94,1538320,5
1539560.13,1539349.92,1539320,5
1540563.78,1540349.91,1540319,5
1541564.51,1541349.89,1541319,5
1542580.64,1542349.87,1542320,5
1543561.95,1543349.86,1543319,5
1544565.38,1544349.84,1544319,5
1545569.92,1545349.82,1545319,5
1546559.69,1546349.80,1546318,5
1547588.66,1547349.79,1547320,5
1548558.72,1548349.77,1548319,5
1549568.58,1549349.75,1549319,5
1550567.58,1550349.74,1550319,5
1551559.67,1551349.72,1551318,5
1552569.29,1552349.70,1552318,5
1553579.67,1553349.69,1553319,5
1554581.46,1554349.67,1554320,5
1555566.33,1555349.65,1555319,5
1556559.58,1556349.63,1556319,5
1557559.62,1557349.62,1557318,5
1558558.47,1558349.60,1558318,5
1559561.60,1559349.58,1559317,5
1560588.89,1560349.57,1560318,6
1561565.28,1561349.55,1561317,6
1562578.37,1562349.53,1562317,6
1563575.02,1563349.51,1563317,6
1564569.49,1564349.50,1564317,6
1565586.86,1565349.48,1565317,6
1566588.08,1566349.46,1566318,6
1567575.97,1567349.45,1567318,6
1568578.39,1568349.43,1568318,6
1569570.95,1569349.41,1569318,6
1570571.06,1570349.40,1570317,6
1571589.23,1571349.38,1571318,6
1572574.24,1572349.36,1572318,6
1573584.89,1573349.34,1573318,6
1574593.98,1574349.33,1574319,6
1575581.10,1575349.31,1575319,6
1576583.05,1576349.29,1576320,6
1577595.09,1577349.28,1577321,6
1578573.03,1578349.26,1578320,6
1579572.00,1579349.24,1579320,6
1580575.78,1580349.22,1580320,6
1581574.11,1581349.21,1581319,6
1582572.18,1582349.19,1582319,6
1583582.11,1583349.17,1583319,6
1584592.58,1584349.16,1584320,6
1585581.80,1585349.14,1585320,6
1586591.79,1586349.12,1586321,6
1587572.94,1587349.10,1587321,6
1588566.05,1588349.09,1588320,5
1589581.79,1589349.07,1589321,5
1590564.13,1590349.05,1590321,5
1591567.59,1591349.04,1591320,5
1592570.79,1592349.02,1592320,5
1593561.69,1593349.00,1593320,5
1594573.57,1594348.99,1594320,5
1595581.95,1595348.97,1595321,5
1596581.71,1596348.95,1596321,5
1597572.61,1597348.93,1597321,5
1598560.78,1598348.92,1598321,5
1599560.92,1599348.90,1599320,5
1600562.39,1600348.88,1600320,5
1601572.49,1601348.87,1601320,5
1602562.53,1602348.85,1602319,5
1603561.91,1603348.83,1603319,5
1604572.65,1604348.81,1604319,5
1605560.92,1605348.80,1605318,5
1606568.72,1606348.78,1606318,5
1607578.51,1607348.76,1607319,5
1608566.66,1608348.75,1608319,5
1609558.96,1609348.73,1609318,5
1610566.68,1610348.71,1610318,5
1611570.91,1611348.70,1611318,5
1612570.55,1612348.68,1612318,5
1613579.54,1613348.66,1613319,5
1614573.25,1614348.64,1614319,5
1615563.48,1615348.63,1615319,5
1616585.10,1616348.61,1616320,5
1617582.43,1617348.59,1617321,5
1618573.33,1618348.58,1618321,5
1619570.41,1619348.56,1619321,5
1620570.51,1620348.54,1620321,5
1621561.35,1621348.53,1621320,5
1622578.40,1622348.51,1622321,5
1623560.56,1623348.49,1623320,5
1624560.69,1624348.47,1624319,5
1625581.26,1625348.46,1625320,5
1626561.51,1626348.44,1626319,5
1627570.33,1627348.42,1627319,5
1628568.14,1628348.41,1628319,5
1629570.12,1629348.39,1629319,5
1630562.28,1630348.37,1630319,5
1631591.13,1631348.35,1631320,5
1632572.70,1632348.34,1632320,5
1633571.08,1633348.32,1633320,5
1634580.31,1634348.30,1634321,5
1635569.12,1635348.29,1635321,5
1636561.82,1636348.27,1636320,5
1637570.96,1637348.25,1637320,5
1638571.13,1638348.24,1638320,5
1639564.92,1639348.22,1639320,5
1640569.90,1640348.20,1640320,5
1641573.08,1641348.18,1641320,5
1642565.03,1642348.17,1642320,5
1643567.82,1643348.15,1643320,5
1644560.84,1644348.13,1644319,5
1645561.26,1645348.12,1645318,5
1646581.16,1646348.10,1646319,5
1647582.93,1647348.08,1647320,5
1648580.71,1648348.06,1648321,5
1649587.72,1649348.05,1649322,5
1650575.06,1650348.03,1650322,5
1651562.61,1651348.01,1651321,5
1652569.90,1652348.00,1652321,5
1653572.53,1653347.98,1653321,5
1654561.93,1654347.96,1654321,5
1655577.33,1655347.95,1655321,5
1656575.57,1656347.93,1656321,5
1657593.71,1657347.91,1657323,5
1658571.95,1658347.89,1658323,5
1659573.52,1659347.88,1659323,5
1660572.59,1660347.86,1660323,5
1661575.52,1661347.84,1661323,5
1662568.44,1662347.83,1662322,5
1663572.04,1663347.81,1663322,5
1664564.80,1664347.79,1664322,5
1665567.70,1665347.77,1665322,5
1666569.75,1666347.76,1666321,5
1667567.66,1667347.74,1667321,5
1668565.66,1668347.72,1668321,5
1669575.55,1669347.71,1669321,5
1670565.35,1670347.69,1670321,5
1671585.58,1671347.67,1671322,5
1672563.49,1672347.66,1672321,5
1673585.36,1673347.64,1673322,5
1674590.28,1674347.62,1674323,5
1675559.57,1675347.60,1675322,5
1676557.47,1676347.59,1676321,5
1677559.69,1677347.57,1677320,5
1678580.32,1678347.55,1678321,5
1679582.45,1679347.54,1679322,5
1680569.34,1680347.52,1680322,5
1681562.14,1681347.50,1681321,5
1682561.16,1682347.48,1682320,5
1683569.31,1683347.47,1683320,5
1684569.43,1684347.45,1684320,5
1685564.28,1685347.43,1685320,5
1686572.96,1686347.42,1686320,5
1687570.04,1687347.40,1687320,5
1688559.90,1688347.38,1688319,5
1689568.26,1689347.37,1689319,5
1690566.05,1690347.35,1690319,5
1691578.15,1691347.33,1691319,5
1692560.02,1692347.31,1692319,5
1693569.10,1693347.30,1693319,5
1694557.60,1694347.28,1694318,5
1695585.99,1695347.26,1695319,5
1696560.00,1696347.25,1696319,5
1697568.15,1697347.23,1697318,5
1698557.34,1698347.21,1698318,5
1699568.01,1699347.20,1699318,5
1700559.12,1700347.18,1700317,5
1701567.87,1701347.16,1701317,5
1702559.05,1702347.14,1702317,5
1703559.91,1703347.13,1703316,5
1704579.80,1704347.11,1704317,5
1705564.84,1705347.09,1705317,5
1706561.79,1706347.08,1706316,5
1707557.90,1707347.06,1707316,5
1708568.95,1708347.04,1708316,5
1709557.05,1709347.02,1709315,5
1710555.04,1710347.01,1710315,5
1711559.73,1711346.99,1711314,5
1712569.60,1712346.97,1712315,5
1713567.72,1713346.96,1713315,5
1714559.08,1714346.94,1714315,5
1715559.59,1715346.92,1715314,5
1716568.94,1716346.91,1716314,5
1717560.47,1717346.89,1717314,5
1718570.79,1718346.87,1718315,5
1719558.76,1719346.85,1719314,5
1720568.80,1720346.84,1720314,5
1721561.46,1721346.82,1721314,5
1722568.02,1722346.80,1722314,5
1723559.53,1723346.79,1723314,5
1724578.76,1724346.77,1724315,5
1725566.67,1725346.75,1725315,5
1726569.29,1726346.73,1726315,5
1727563.64,1727346.72,1727315,5
1728570.53,1728346.70,1728315,5
1729560.45,1729346.68,1729315,5
1730562.21,1730346.67,1730315,5
1731561.14,1731346.65,1731315,5
1732559.25,1732346.63,1732314,5
1733590.51,1733346.62,1733316,5
1734568.45,1734346.60,1734316,5
1735559.33,1735346.58,1735316,5
1736556.51,1736346.56,1736315,5
1737569.50,1737346.55,1737315,5
1738559.66,1738346.53,1738315,5
1739562.68,1739346.51,1739315,5
1740560.19,1740346.50,1740314,5
1741572.40,1741346.48,1741315,5
1742560.25,1742346.46,1742315,5
1743569.09,1743346.44,1743315,5
1744561.45,1744346.43,1744315,5
1745564.17,1745346.41,1745314,5
1746570.31,1746346.39,1746315,5
1747568.38,1747346.38,1747315,5
1748559.16,1748346.36,1748315,5
1749559.16,1749346.34,1749314,5
1750554.04,1750346.33,1750314,5
1751568.04,1751346.31,1751314,5
1752570.26,1752346.29,1752314,5
1753558.46,1753346.27,1753314,5
1754568.89,1754346.26,1754314,5
1755570.85,1755346.24,1755314,5
1756563.29,1756346.22,1756314,5
1757583.17,1757346.21,1757315,5
1758567.13,1758346.19,1758316,5
1759568.00,1759346.17,1759316,5
1760558.95,1760346.16,1760315,5
1761565.80,1761346.14,1761315,5
1762569.04,1762346.12,1762315,5
1763569.98,1763346.10,1763316,5
1764566.92,1764346.09,1764316,5
1765562.76,1765346.07,1765316,5
1766557.87,1766346.05,1766315,5
1767578.83,1767346.04,1767316,5
1768564.79,1768346.02,1768316,5
1769567.86,1769346.00,1769316,5
1770564.67,1770345.98,1770316,5
1771556.84,1771345.97,1771315,5
1772558.00,1772345.95,1772315,5
1773576.98,1773345.93,1773315,5
1774559.64,1774345.92,1774315,5
1775570.58,1775345.90,1775315,5
1776565.64,1776345.88,1776315,5
1777559.74,1777345.87,1777315,5
1778556.93,1778345.85,1778314,5
1779555.94,1779345.83,1779314,5
1780563.59,1780345.81,1780314,5
1781558.48,1781345.80,1781313,5
1782571.55,1782345.78,1782314,5
1783554.76,1783345.76,1783313,5
1784564.17,1784345.75,1784313,5
1785562.40,1785345.73,1785313,5
1786562.34,1786345.71,1786313,5
1787576.40,1787345.70,1787314,5
1788574.72,1788345.68,1788315,5
1789562.50,1789345.66,1789314,5
1790569.43,1790345.64,1790315,5
1791556.53,1791345.63,1791314,5
1792566.54,1792345.61,1792314,5
1793567.49,1793345.59,1793314,5
1794564.60,1794345.58,1794314,5
1795553.65,1795345.56,1795314,5
1796578.57,1796345.54,1796315,5
1797577.50,1797345.52,1797315,5
1798568.35,1798345.51,1798316,5
1799579.12,1799345.49,1799316,5
1800565.91,1800345.47,1800316,5
1801578.52,1801345.46,1801317,5
1802570.47,1802345.44,1802317,5
1803564.26,1803345.42,1803317,5
1804565.31,1804345.41,1804317,5
1805569.25,1805345.39,1805317,5
1806562.09,1806345.37,1806317,5
1807565.63,1807345.35,1807317,5
1808554.24,1808345.34,1808316,5
1809559.94,1809345.32,1809315,5
1810566.08,1810345.30,1810315,5
1811579.04,1811345.29,1811316,5
1812567.72,1812345.27,1812316,5
1813569.11,1813345.25,1813316,5
1814559.98,1814345.24,1814316,5
1815580.77,1815345.22,1815317,5
1816557.17,1816345.20,1816316,5
1817563.09,1817345.18,1817316,5
1818556.04,1818345.17,1818315,5
1819566.23,1819345.15,1819315,5
1820565.81,1820345.13,1820315,5
1821566.74,1821345.12,1821315,5
1822566.90,1822345.10,1822315,5
1823567.73,1823345.08,1823316,5
1824555.80,1824345.07,1824315,5
1825557.65,1825345.05,1825314,5
1826565.97,1826345.03,1826315,5
1827557.11,1827345.01,1827314,5
1828562.84,1828345.00,1828314,5
1829558.95,1829344.98,1829314,5
1830562.61,1830344.96,1830313,5
1831562.81,1831344.95,1831313,5
1832553.85,1832344.93,1832313,5
1833550.98,1833344.91,1833312,5
1834566.56,1834344.89,1834312,5
1835553.96,1835344.88,1835312,5
1836555.01,1836344.86,1836311,5
1837557.73,1837344.84,1837311,5
1838556.24,1838344.83,1838311,5
1839574.76,1839344.81,1839312,5
1840593.98,1840344.79,1840314,5
1841577.80,1841344.78,1841314,5
1842586.72,1842344.76,1842316,5
1843571.49,1843344.74,1843316,5
1844561.56,1844344.72,1844316,5
1845567.47,1845344.71,1845316,5
1846557.43,1846344.69,1846315,5
1847567.52,1847344.67,1847315,5
1848556.93,1848344.66,1848315,5
1849561.48,1849344.64,1849315,5
1850560.29,1850344.62,1850314,5
1851550.50,1851344.61,1851313,5
1852557.42,1852344.59,1852314,4
1853567.21,1853344.57,1853314,4
1854544.33,1854344.55,1854314,4
1855564.37,1855344.54,1855314,4
1856546.55,1856344.52,1856314,4
1857549.52,1857344.50,1857313,4
1858546.51,1858344.49,1858313,4
1859559.41,1859344.47,1859313,4
1860561.42,1860344.45,1860313,4
1861560.49,1861344.43,1861314,4
1862569.04,1862344.42,1862315,4
1863547.38,1863344.40,1863314,4
1864559.27,1864344.38,1864314,4
1865559.13,1865344.37,1865315,4
1866548.24,1866344.35,1866314,4
1867566.15,1867344.33,1867314,5
1868565.25,1868344.32,1868314,5
1869567.97,1869344.30,1869314,5
1870567.90,1870344.28,1870315,5
1871570.03,1871344.26,1871315,5
1872558.16,1872344.25,1872314,5
1873568.13,1873344.23,1873315,5
1874556.81,1874344.21,1874314,5
1875554.80,1875344.20,1875314,5
1876576.07,1876344.18,1876314,5
1877580.10,1877344.16,1877315,5
1878561.01,1878344.15,1878315,5
1879561.14,1879344.13,1879315,5
1880580.93,1880344.11,1880316,5
1881560.18,1881344.09,1881315,5
1882593.00,1882344.08,1882317,5
1883590.81,1883344.06,1883318,5
1884561.70,1884344.04,1884318,5
1885587.88,1885344.03,1885319,5
1886560.02,1886344.01,1886319,5
1887558.70,1887343.99,1887318,5
1888570.75,1888343.98,1888318,5
1889572.98,1889343.96,1889318,5
1890585.84,1890343.94,1890319,5
1891587.99,1891343.92,1891321,5
1892558.66,1892343.91,1892320,5
1893571.72,1893343.89,1893320,5
1894585.73,1894343.87,1894321,4
1895561.41,1895343.86,1895321,4
1896553.07,1896343.84,1896321,4
1897560.79,1897343.82,1897321,4
1898558.00,1898343.81,1898320,4
1899546.99,1899343.79,1899319,4
1900547.22,1900343.77,1900319,4
1901562.70,1901343.75,1901319,4
1902559.42,1902343.74,1902319,4
1903557.80,1903343.72,1903319,4
1904557.85,1904343.70,1904318,4
1905558.56,1905343.69,1905318,4
1906570.56,1906343.67,1906319,4
1907563.54,1907343.65,1907319,4
1908550.73,1908343.63,1908319,4
1909557.47,1909343.62,1909318,4
1910567.50,1910343.60,1910318,5
1911569.18,1911343.58,1911318,5
1912567.23,1912343.57,1912318,5
1913578.78,1913343.55,1913319,5
1914559.25,1914343.53,1914318,5
1915559.40,1915343.52,1915318,5
1916579.21,1916343.50,1916318,5
1917576.44,1917343.48,1917319,5
1918567.36,1918343.46,1918319,5
1919577.34,1919343.45,1919319,5
1920568.43,1920343.43,1920319,5
1921588.30,1921343.41,1921320,5
1922557.00,1922343.40,1922319,5
1923558.16,1923343.38,1923319,5
1924581.09,1924343.36,1924319,5
1925585.27,1925343.35,1925320,5
1926564.35,1926343.33,1926320,5
1927564.17,1927343.31,1927320,5
1928564.90,1928343.29,1928319,5
1929554.12,1929343.28,1929318,5
1930571.98,1930343.26,1930318,5
1931553.38,1931343.24,1931318,4
1932571.01,1932343.23,1932319,4
1933568.07,1933343.21,1933319,4
1934565.31,1934343.19,1934319,5
1935567.15,1935343.18,1935319,5
1936564.86,1936343.16,1936319,5
1937572.01,1937343.14,1937319,5
1938557.19,1938343.12,1938318,5
1939564.15,1939343.11,1939318,5
1940564.57,1940343.09,1940317,5
1941567.56,1941343.07,1941317,5
1942562.83,1942343.06,1942317,5
1943575.81,1943343.04,1943318,5
1944584.07,1944343.02,1944319,5
1945568.90,1945343.01,1945319,5
1946571.91,1946342.99,1946319,5
1947582.88,1947342.97,1947320,5
1948567.97,1948342.95,1948320,5
1949583.69,1949342.94,1949320,5
1950573.73,1950342.92,1950321,5
1951569.78,1951342.90,1951320,5
1952563.75,1952342.89,1952320,5
1953575.92,1953342.87,1953320,5
1954567.60,1954342.85,1954320,5
1955581.79,1955342.83,1955321,5
1956561.61,1956342.82,1956320,5
1957567.79,1957342.80,1957320,5
1958578.75,1958342.78,1958321,5
1959568.53,1959342.77,1959320,5
1960575.81,1960342.75,1960321,5
1961572.90,1961342.73,1961321,5
1962563.41,1962342.72,1962320,5
1963556.50,1963342.70,1963319,5
1964553.57,1964342.68,1964318,5
1965554.49,1965342.66,1965318,5
1966556.58,1966342.65,1966317,5
1967585.47,1967342.63,1967318,5
1968564.49,1968342.61,1968318,5
1969567.12,1969342.60,1969318,5
1970566.33,1970342.58,1970318,5
1971565.29,1971342.56,1971317,5
1972555.38,1972342.55,1972317,5
1973576.31,1973342.53,1973317,5
1974564.46,1974342.51,1974317,5
1975558.46,1975342.49,1975316,5
1976564.41,1976342.48,1976316,5
1977556.25,1977342.46,1977316,5
1978555.58,1978342.44,1978315,5
1979562.34,1979342.43,1979315,5
1980553.19,1980342.41,1980314,5
1981552.04,1981342.39,1981313,5
1982560.23,1982342.38,1982313,5
1983552.25,1983342.36,1983312,5
1984561.36,1984342.34,1984312,5
1985554.43,1985342.32,1985312,5
1986563.17,1986342.31,1986312,5
1987547.04,1987342.29,1987311,4
1988555.95,1988342.27,1988312,4
1989551.25,1989342.26,1989311,4
1990547.29,1990342.24,1990311,4
1991567.24,1991342.22,1991312,4
1992554.13,1992342.21,1992311,5
1993553.30,1993342.19,1993311,5
1994552.19,1994342.17,1994310,5
1995552.40,1995342.15,1995310,5
1996558.81,1996342.14,1996310,5
1997563.96,1997342.12,1997310,5
1998554.19,1998342.10,1998310,5
1999553.96,1999342.09,1999309,5
2000560.82,2000342.07,2000309,5
2001553.24,2001342.05,2001309,5
2002551.84,2002342.03,2002308,5
2003566.56,2003342.02,2003309,5
2004556.83,2004342.00,2004309,5
2005553.01,2005341.98,2005308,5
2006553.29,2006341.97,2006308,5
2007552.77,2007341.95,2007308,5
2008573.96,2008341.93,2008309,5
2009581.59,2009341.92,2009310,5
2010558.95,2010341.90,2010310,5
2011552.77,2011341.88,2011309,5
2012572.86,2012341.86,2012310,5
2013545.98,2013341.85,2013309,5
2014543.65,2014341.83,2014308,5
2015556.67,2015341.81,2015308,5
2016557.30,2016341.80,2016308,5
2017559.86,2017341.78,2017308,5
2018559.49,2018341.76,2018308,5
2019550.85,2019341.75,2019308,5
2020549.44,2020341.73,2020307,5
2021561.09,2021341.71,2021307,5
2022550.71,2022341.69,2022307,5
2023551.84,2023341.68,2023307,5
2024558.81,2024341.66,2024307,5
2025559.45,2025341.64,2025307,5
2026551.80,2026341.63,2026307,5
2027572.73,2027341.61,2027307,5
2028560.38,2028341.59,2028308,5
2029548.63,2029341.58,2029307,5
2030557.24,2030341.56,2030307,5
2031568.15,2031341.54,2031308,5
2032549.67,2032341.52,2032307,5
2033579.60,2033341.51,2033309,5
2034550.78,2034341.49,2034308,5
2035550.37,2035341.47,2035307,5
2036549.45,2036341.46,2036307,5
2037550.75,2037341.44,2037307,5
2038559.27,2038341.42,2038307,5
2039570.35,2039341.41,2039308,5
2040550.61,2040341.39,2040307,5
2041551.64,2041341.37,2041307,5
2042569.96,2042341.35,2042307,5
2043561.01,2043341.34,2043308,5
2044550.25,2044341.32,2044307,5
2045581.33,2045341.30,2045309,5
2046550.47,2046341.29,2046308,5
2047549.19,2047341.27,2047308,5
2048557.94,2048341.25,2048308,5
2049570.10,2049341.24,2049308,5
2050560.03,2050341.22,2050308,5
2051576.02,2051341.20,2051309,5
2052550.25,2052341.18,2052309,4
2053550.92,2053341.17,2053309,4
2054557.80,2054341.15,2054310,4
2055547.97,2055341.13,2055310,4
2056539.11,2056341.12,2056309,4
2057550.26,2057341.10,2057309,4
2058532.41,2058341.08,2058308,3
2059544.09,2058341.08,2059309,3
2060543.40,2058341.08,2060309,3
2061554.43,2058341.08,2061310,3
2062531.59,2058341.08,2062310,3
2063539.05,2058341.08,2063310,3
2064541.34,2058341.08,2064310,3
2065530.56,2058341.08,2065309,3
2066541.44,2058341.08,2066309,3
2067554.99,2058341.08,2067310,3
2068537.29,2058341.08,2068310,3
2069536.15,2058341.08,2069310,3
2070536.22,2058341.08,2070310,3
2071544.04,2058341.08,2071309,4
2072549.83,2072340.84,2072309,4
2073551.83,2073340.83,2073309,4
2074546.97,2074340.81,2074310,3
2075555.06,2074340.81,2075311,3
2076556.95,2074340.81,2076312,3
2077556.75,2074340.81,2077313,3
2078547.08,2074340.81,2078313,3
2079537.92,2074340.81,2079313,3
2080550.08,2074340.81,2080313,3
2081558.84,2074340.81,2081314,4
2082558.27,2082340.67,2082314,4
2083557.42,2083340.66,2083314,4
2084565.52,2084340.64,2084315,4
2085557.52,2085340.62,2085315,4
2086558.25,2086340.61,2086315,4
2087567.25,2087340.59,2087315,4
2088557.33,2088340.57,2088315,4
2089547.32,2089340.56,2089315,4
2090566.60,2090340.54,2090316,4
2091548.80,2091340.52,2091315,4
2092547.31,2092340.51,2092314,4
2093565.21,2093340.49,2093315,4
2094557.28,2094340.47,2094315,4
2095556.14,2095340.45,2095315,4
2096554.21,2096340.44,2096315,4
2097557.20,2097340.42,2097315,4
2098548.34,2098340.40,2098314,4
2099580.35,2099340.39,2099316,4
2100559.15,2100340.37,2100316,4
2101548.43,2101340.35,2101315,4
2102576.52,2102340.34,2102317,4
2103578.23,2103340.32,2103318,4
2104566.26,2104340.30,2104318,4
2105565.17,2105340.28,2105319,4
2106556.26,2106340.27,2106318,4
2107549.20,2107340.25,2107318,4
2108576.37,2108340.23,2108319,4
2109557.08,2109340.22,2109319,4
2110547.21,2110340.20,2110318,4
2111576.81,2111340.18,2111319,4
2112548.21,2112340.17,2112318,4
2113552.17,2113340.15,2113318,4
2114570.06,2114340.13,2114318,4
2115566.87,2115340.11,2115319,4
2116555.02,2116340.10,2116318,4
2117565.98,2117340.08,2117319,4
2118564.88,2118340.06,2118319,4
2119543.74,2119340.05,2119318,4
2120544.10,2120340.03,2120317,4
2121544.18,2121340.01,2121316,4
2122565.92,2122340.00,2122316,5
2123558.77,2123339.98,2123316,5
2124554.74,2124339.96,2124315,5
2125573.89,2125339.94,2125315,5
2126554.61,2126339.93,2126315,5
2127574.27,2127339.91,2127315,5
2128556.04,2128339.89,2128315,5
2129561.86,2129339.88,2129315,5
2130563.80,2130339.86,2130314,5
2131553.42,2131339.84,2131314,5
2132553.45,2132339.83,2132313,5
2133553.71,2133339.81,2133312,5
2134563.73,2134339.79,2134312,5
2135566.78,2135339.77,2135313,5
2136554.74,2136339.76,2136312,5
2137563.73,2137339.74,2137312,5
2138563.82,2138339.72,2138312,5
2139563.79,2139339.71,2139312,5
2140565.44,2140339.69,2140313,5
2141558.65,2141339.67,2141312,5
2142557.62,2142339.66,2142312,5
2143569.72,2143339.64,2143312,5
2144573.61,2144339.62,2144313,5
2145571.50,2145339.60,2145314,5
2146579.68,2146339.59,2146315,5
2147564.48,2147339.57,2147315,5
2148569.57,2148339.55,2148315,5
2149559.13,2149339.54,2149314,5
2150560.45,2150339.52,2150314,5
2151579.70,2151339.50,2151315,5
2152558.13,2152339.49,2152315,5
2153570.42,2153339.47,2153315,5
2154568.64,2154339.45,2154315,5
2155558.35,2155339.43,2155315,5
2156560.37,2156339.42,2156314,5
2157559.34,2157339.40,2157314,5
2158568.01,2158339.38,2158314,5
2159569.34,2159339.37,2159315,5
2160561.30,2160339.35,2160314,5
2161559.41,2161339.33,2161314,5
2162570.29,2162339.32,2162314,5
2163555.21,2163339.30,2163314,5
2164582.13,2164339.28,2164315,5
2165565.29,2165339.26,2165315,5
2166569.17,2166339.25,2166315,5
2167569.36,2167339.23,2167315,5
2168568.16,2168339.21,2168315,5
2169577.05,2169339.20,2169316,5
2170557.85,2170339.18,2170316,5
2171573.02,2171339.16,2171316,5
2172578.16,2172339.15,2172317,5
2173554.71,2173339.13,2173317,4
2174553.00,2174339.11,2174316,4
2175553.22,2175339.09,2175316,4
2176564.97,2176339.08,2176316,4
2177567.98,2177339.06,2177317,4
2178562.87,2178339.04,2178317,4
2179561.10,2179339.03,2179317,4
2180561.72,2180339.01,2180318,4
2181561.94,2181338.99,2181318,4
2182553.79,2182338.98,2182317,4
2183554.84,2183338.96,2183317,4
2184574.88,2184338.94,2184318,4
2185552.72,2185338.92,2185318,4
2186582.87,2186338.91,2186319,4
2187553.34,2187338.89,2187319,4
2188582.15,2188338.87,2188320,4
2189567.76,2189338.86,2189321,4
2190580.59,2190338.84,2190322,4
2191552.52,2191338.82,2191321,4
2192572.92,2192338.81,2192322,4
2193559.74,2193338.79,2193321,4
2194553.50,2194338.77,2194321,4
2195577.82,2195338.75,2195322,4
2196552.40,2196338.74,2196321,4
2197553.50,2197338.72,2197321,4
2198573.29,2198338.70,2198321,4
2199572.96,2199338.69,2199322,4
2200580.49,2200338.67,2200323,4
2201572.44,2201338.65,2201323,4
2202555.67,2202338.64,2202323,4
2203549.72,2203338.62,2203322,4
2204550.63,2204338.60,2204321,4
2205577.56,2205338.58,2205322,4
2206563.12,2206338.57,2206322,4
2207563.13,2207338.55,2207322,4
2208552.51,2208338.53,2208321,4
2209560.49,2209338.52,2209321,4
2210571.50,2210338.50,2210322,4
2211578.25,2211338.48,2211323,4
2212559.38,2212338.47,2212322,4
2213564.07,2213338.45,2213322,4
2214556.40,2214338.43,2214322,4
2215560.35,2215338.41,2215322,4
2216551.34,2216338.40,2216321,4
2217555.40,2217338.38,2217321,4
2218571.17,2218338.36,2218321,4
2219573.25,2219338.35,2219322,4
2220570.39,2220338.33,2220322,4
2221557.07,2221338.31,2221322,4
2222569.69,2222338.30,2222322,4
2223577.11,2223338.28,2223323,4
2224560.30,2224338.26,2224323,4
2225566.23,2225338.24,2225323,4
2226557.16,2226338.23,2226322,4
2227560.10,2227338.21,2227322,4
2228559.27,2228338.19,2228322,4
2229559.04,2229338.18,2229322,4
2230550.24,2230338.16,2230321,4
2231571.83,2231338.14,2231321,4
2232577.03,2232338.13,2232322,4
2233579.17,2233338.11,2233323,4
2234550.78,2234338.09,2234322,4
2235556.17,2235338.07,2235322,4
2236557.30,2236338.06,2236322,4
2237555.11,2237338.04,2237321,4
2238557.06,2238338.02,2238321,4
2239550.06,2239338.01,2239320,4
2240569.79,2240337.99,2240320,4
2241558.05,2241337.97,2241320,4
2242552.01,2242337.96,2242320,4
2243561.92,2243337.94,2243320,4
2244564.72,2244337.92,2244320,4
2245559.86,2245337.90,2245320,4
2246559.01,2246337.89,2246320,4
2247556.66,2247337.87,2247319,4
2248568.85,2248337.85,2248320,4
2249552.72,2249337.84,2249319,4
2250555.95,2250337.82,2250319,4
2251550.05,2251337.80,2251318,4
2252557.59,2252337.79,2252318,4
2253556.93,2253337.77,2253318,4
2254558.23,2254337.75,2254318,4
2255554.65,2255337.73,2255318,4
2256556.73,2256337.72,2256318,4
2257581.73,2257337.70,2257319,4
2258551.30,2258337.68,2258318,4
2259579.64,2259337.67,2259320,4
2260551.67,2260337.65,2260319,4
2261562.46,2261337.63,2261319,4
2262567.75,2262337.62,2262320,4
2263551.58,2263337.60,2263319,4
2264555.65,2264337.58,2264319,4
2265567.58,2265337.56,2265319,4
2266560.46,2266337.55,2266319,4
2267570.69,2267337.53,2267320,4
2268572.41,2268337.51,2268320,4
2269579.76,2269337.50,2269322,4
2270550.59,2270337.48,2270321,4
2271548.49,2271337.46,2271320,4
2272559.41,2272337.45,2272320,4
2273570.60,2273337.43,2273320,4
2274583.42,2274337.41,2274321,5
2275569.51,2275337.39,2275321,5
2276560.18,2276337.38,2276320,5
2277562.33,2277337.36,2277320,5
2278571.98,2278337.34,2278320,5
2279582.32,2279337.33,2279321,5
2280571.03,2280337.31,2280321,5
2281566.26,2281337.29,2281320,5
2282565.88,2282337.28,2282320,5
2283564.24,2283337.26,2283320,5
2284575.17,2284337.24,2284320,5
2285578.46,2285337.22,2285320,5
2286563.39,2286337.21,2286320,5
2287582.90,2287337.19,2287321,5
2288571.71,2288337.17,2288321,5
2289572.76,2289337.16,2289321,5
2290568.20,2290337.14,2290321,5
2291589.42,2291337.12,2291322,5
2292575.10,2292337.11,2292321,6
2293571.30,2293337.09,2293321,6
2294579.79,2294337.07,2294321,6
2295569.90,2295337.05,2295320,6
2296590.09,2296337.04,2296321,6
2297573.82,2297337.02,2297320,6
2298580.86,2298337.00,2298321,6
2299573.06,2299336.99,2299320,6
2300562.88,2300336.97,2300319,6
2301566.37,2301336.95,2301318,6
2302578.80,2302336.94,2302318,6
2303569.95,2303336.92,2303318,6
2304577.93,2304336.90,2304318,6
2305566.83,2305336.88,2305317,6
2306589.62,2306336.87,2306318,6
2307587.63,2307336.85,2307319,6
2308577.59,2308336.83,2308319,6
2309587.66,2309336.82,2309319,6
2310567.67,2310336.80,2310319,6
2311587.56,2311336.78,2311319,6
2312569.70,2312336.77,2312319,6
2313589.76,2313336.75,2313319,6
2314578.69,2314336.73,2314319,6
2315585.61,2315336.71,2315320,6
2316598.73,2316336.70,2316321,6
2317591.75,2317336.68,2317322,6
2318561.45,2318336.66,2318321,6
2319562.55,2319336.65,2319320,6
2320571.44,2320336.63,2320319,6
2321575.55,2321336.61,2321319,6
2322564.80,2322336.60,2322318,6
2323563.21,2323336.58,2323317,6
2324562.45,2324336.56,2324316,6
2325565.39,2325336.54,2325316,6
2326585.48,2326336.53,2326316,6
2327566.51,2327336.51,2327316,6
2328574.48,2328336.49,2328316,6
2329573.29,2329336.48,2329316,6
2330582.26,2330336.46,2330316,6
2331561.34,2331336.44,2331315,6
2332570.15,2332336.43,2332315,6
2333565.22,2333336.41,2333315,6
2334572.38,2334336.39,2334315,6
2335557.27,2335336.37,2335314,5
2336557.34,2336336.36,2336314,5
2337567.25,2337336.34,2337314,5
2338568.31,2338336.32,2338314,5
2339561.25,2339336.31,2339314,5
2340557.24,2340336.29,2340313,5
2341567.17,2341336.27,2341314,5
2342577.41,2342336.26,2342315,5
2343557.03,2343336.24,2343314,5
2344557.17,2344336.22,2344314,5
2345568.20,2345336.20,2345314,5
2346565.37,2346336.19,2346314,5
2347557.03,2347336.17,2347313,5
2348557.08,2348336.15,2348313,5
2349554.20,2349336.14,2349312,5
2350564.73,2350336.12,2350313,5
2351578.99,2351336.10,2351314,5
2352568.13,2352336.09,2352314,5
2353566.98,2353336.07,2353314,5
2354576.89,2354336.05,2354315,5
2355557.08,2355336.03,2355314,5
2356559.76,2356336.02,2356314,5
2357558.89,2357336.00,2357314,5
2358561.88,2358335.98,2358314,5
2359561.64,2359335.97,2359313,5
2360564.71,2360335.95,2360313,5
2361554.09,2361335.93,2361313,5
2362559.71,2362335.92,2362313,5
2363572.82,2363335.90,2363313,5
2364552.53,2364335.88,2364312,5
2365559.80,2365335.86,2365312,5
2366556.11,2366335.85,2366312,5
2367554.91,2367335.83,2367311,5
2368570.73,2368335.81,2368312,5
2369576.75,2369335.80,2369313,5
2370551.36,2370335.78,2370312,5
2371559.75,2371335.76,2371312,5
2372557.70,2372335.75,2372312,5
2373561.54,2373335.73,2373312,5
2374569.63,2374335.71,2374312,5
2375582.32,2375335.69,2375313,5
2376565.81,2376335.68,2376313,5
2377569.53,2377335.66,2377314,5
2378561.50,2378335.64,2378314,5
2379559.56,2379335.63,2379313,5
2380571.36,2380335.61,2380314,5
2381563.55,2381335.59,2381314,5
2382558.63,2382335.58,2382313,5
2383563.27,2383335.56,2383313,5
2384562.47,2384335.54,2384313,5
2385556.49,2385335.52,2385313,5
2386561.44,2386335.51,2386313,5
2387558.28,2387335.49,2387312,5
2388555.54,2388335.47,2388312,5
2389573.42,2389335.46,2389313,5
2390556.40,2390335.44,2390312,5
2391555.28,2391335.42,2391312,5
2392562.09,2392335.41,2392312,5
2393581.49,2393335.39,2393313,5
2394567.12,2394335.37,2394313,5
2395562.32,2395335.35,2395313,5
2396567.30,2396335.34,2396313,5
2397553.38,2397335.32,2397313,5
2398563.43,2398335.30,2398313,5
2399586.16,2399335.29,2399314,5
2400567.04,2400335.27,2400314,5
2401565.29,2401335.25,2401314,5
2402566.05,2402335.24,2402314,5
2403579.04,2403335.22,2403315,5
2404565.85,2404335.20,2404315,5
2405592.15,2405335.18,2405317,5
2406555.89,2406335.17,2406316,5
2407564.96,2407335.15,2407316,5
2408578.91,2408335.13,2408317,5
2409557.03,2409335.12,2409316,5
2410565.97,2410335.10,2410316,5
2411563.00,2411335.08,2411316,5
2412555.03,2412335.07,2412315,5
2413561.02,2413335.05,2413315,5
2414564.06,2414335.03,2414315,5
2415560.16,2415335.01,2415315,5
2416562.92,2416335.00,2416314,5
2417586.94,2417334.98,2417316,5
2418576.17,2418334.96,2418316,5
2419572.99,2419334.95,2419317,5
2420552.79,2420334.93,2420316,5
2421582.84,2421334.91,2421317,5
2422562.90,2422334.90,2422317,5
2423574.57,2423334.88,2423317,5
2424553.96,2424334.86,2424316,5
2425553.92,2425334.84,2425315,5
2426559.70,2426334.83,2426315,5
2427553.76,2427334.81,2427314,5
2428564.96,2428334.79,2428314,5
2429556.60,2429334.78,2429314,5
2430556.86,2430334.76,2430313,5
2431558.82,2431334.74,2431313,5
2432559.56,2432334.73,2432313,5
2433558.59,2433334.71,2433312,5
2434568.84,2434334.69,2434313,5
2435589.48,2435334.67,2435314,5
2436568.62,2436334.66,2436315,5
2437559.72,2437334.64,2437314,5
2438566.67,2438334.62,2438314,5
2439577.46,2439334.61,2439315,5
2440568.81,2440334.59,2440315,5
2441579.67,2441334.57,2441316,5
2442558.53,2442334.56,2442316,5
2443567.57,2443334.54,2443316,5
2444586.10,2444334.52,2444317,5
2445557.47,2445334.50,2445316,5
2446556.47,2446334.49,2446316,5
2447570.43,2447334.47,2447316,5
2448550.19,2448334.45,2448315,5
2449556.40,2449334.44,2449314,5
2450558.54,2450334.42,2450314,5
2451558.48,2451334.40,2451314,5
2452566.33,2452334.39,2452314,5
2453579.20,2453334.37,2453315,5
2454556.33,2454334.35,2454314,5
2455558.27,2455334.33,2455314,5
2456569.19,2456334.32,2456314,5
2457570.51,2457334.30,2457314,5
2458569.43,2458334.28,2458315,5
2459589.50,2459334.27,2459316,5
2460580.37,2460334.25,2460317,5
2461575.02,2461334.23,2461318,5
2462562.14,2462334.22,2462317,5
2463561.94,2463334.20,2463317,5
2464568.99,2464334.18,2464317,5
2465591.20,2465334.16,2465318,5
2466558.08,2466334.15,2466318,5
2467571.24,2467334.13,2467318,5
2468567.17,2468334.11,2468318,5
2469579.95,2469334.10,2469319,5
2470557.19,2470334.08,2470318,5
2471570.08,2471334.06,2471318,5
2472569.06,2472334.05,2472318,5
2473570.60,2473334.03,2473318,5
2474555.22,2474334.01,2474317,5
2475566.19,2475333.99,2475317,5
2476553.08,2476333.98,2476316,5
2477580.06,2477333.96,2477317,5
2478558.95,2478333.94,2478317,5
2479570.90,2479333.93,2479317,5
2480577.67,2480333.91,2480317,5
2481568.69,2481333.89,2481318,5
2482584.83,2482333.88,2482319,5
2483566.56,2483333.86,2483318,5
2484562.86,2484333.84,2484318,5
2485571.11,2485333.82,2485318,5
2486571.84,2486333.81,2486318,5
2487582.36,2487333.79,2487319,5
2488566.66,2488333.77,2488319,5
2489567.78,2489333.76,2489319,5
2490560.56,2490333.74,2490318,5
2491581.67,2491333.72,2491319,5
2492565.75,2492333.71,2492319,5
2493568.00,2493333.69,2493319,5
2494576.57,2494333.67,2494319,5
2495575.58,2495333.65,2495320,5
2496558.44,2496333.64,2496319,5
2497578.55,2497333.62,2497319,5
2498576.21,2498333.60,2498320,5
2499558.34,2499333.59,2499319,5
2500557.57,2500333.57,2500318,5
2501578.40,2501333.55,2501319,5
2502567.56,2502333.54,2502319,5
2503556.27,2503333.52,2503318,5
2504569.38,2504333.50,2504318,5
2505566.33,2505333.48,2505318,5
2506588.67,2506333.47,2506319,5
2507586.42,2507333.45,2507320,5
2508567.32,2508333.43,2508320,5
2509567.10,2509333.42,2509320,5
2510576.80,2510333.40,2510320,5
2511565.63,2511333.38,2511320,5
2512577.33,2512333.37,2512320,5
2513577.41,2513333.35,2513321,5
2514557.98,2514333.33,2514320,5
2515558.48,2515333.31,2515319,5
2516574.31,2516333.30,2516319,5
2517557.50,2517333.28,2517319,5
2518557.14,2518333.26,2518318,5
2519571.45,2519333.25,2519318,5
2520573.23,2520333.23,2520318,5
2521566.35,2521333.21,2521318,5
2522584.17,2522333.20,2522319,5
2523561.11,2523333.18,2523319,5
2524587.10,2524333.16,2524320,5
2525566.12,2525333.14,2525320,5
2526577.01,2526333.13,2526320,5
2527568.47,2527333.11,2527320,5
2528579.89,2528333.09,2528321,4
2529572.06,2529333.08,2529322,4
2530569.00,2530333.06,2530322,4
2531580.01,2531333.04,2531323,4
2532567.88,2532333.03,2532323,4
2533549.95,2533333.01,2533322,4
2534555.09,2534332.99,2534322,4
2535551.87,2535332.97,2535321,4
2536549.00,2536332.96,2536320,4
2537578.78,2537332.94,2537321,4
2538549.63,2538332.92,2538320,4
2539550.89,2539332.91,2539320,4
2540568.54,2540332.89,2540320,4
2541559.64,2541332.87,2541320,4
2542564.01,2542332.86,2542320,4
2543560.69,2543332.84,2543320,4
2544560.75,2544332.82,2544320,4
2545572.61,2545332.80,2545321,4
2546570.87,2546332.79,2546321,4
2547563.83,2547332.77,2547321,4
2548552.97,2548332.75,2548321,4
2549581.56,2549332.74,2549322,4
2550580.52,2550332.72,2550323,4
2551571.79,2551332.70,2551323,4
2552569.56,2552332.69,2552324,4
2553580.79,2553332.67,2553325,4
2554570.61,2554332.65,2554325,4
2555569.54,2555332.63,2555325,4
2556570.92,2556332.62,2556325,4
2557570.68,2557332.60,2557326,4
2558558.50,2558332.58,2558325,4
2559550.74,2559332.57,2559324,4
2560550.35,2560332.55,2560323,4
2561580.85,2561332.53,2561324,4
2562572.24,2562332.52,2562325,4
2563560.31,2563332.50,2563324,4
2564556.50,2564332.48,2564324,4
2565560.43,2565332.47,2565323,4
2566575.38,2566332.45,2566324,4
2567559.57,2567332.43,2567324,4
2568557.41,2568332.41,2568323,4
2569548.22,2569332.40,2569322,4
2570568.23,2570332.38,2570322,4
2571560.07,2571332.36,2571322,4
2572576.13,2572332.35,2572323,4
2573561.25,2573332.33,2573323,4
2574560.36,2574332.31,2574323,4
2575550.62,2575332.30,2575322,4
2576569.28,2576332.28,2576321,5
2577569.47,2577332.26,2577321,5
2578560.20,2578332.24,2578321,5
2579577.62,2579332.23,2579321,5
2580558.14,2580332.21,2580320,5
2581556.23,2581332.19,2581319,5
2582556.30,2582332.18,2582318,5
2583558.17,2583332.16,2583318,5
2584565.90,2584332.14,2584318,5
2585568.41,2585332.13,2585318,5
2586569.41,2586332.11,2586318,5
2587558.99,2587332.09,2587317,5
2588550.87,2588332.07,2588316,5
2589570.05,2589332.06,2589316,5
2590552.18,2590332.04,2590315,5
2591557.90,2591332.02,2591315,5
2592565.92,2592332.01,2592315,5
2593566.14,2593331.99,2593315,5
2594573.98,2594331.97,2594316,5
2595561.94,2595331.96,2595315,5
2596570.99,2596331.94,2596316,5
2597564.86,2597331.92,2597316,5
2598573.85,2598331.90,2598316,5
2599552.27,2599331.89,2599315,5
2600552.79,2600331.87,2600314,5
2601561.94,2601331.85,2601314,5
2602551.80,2602331.84,2602313,5
2603553.18,2603331.82,2603313,5
2604548.88,2604331.80,2604312,5
2605563.77,2605331.79,2605312,5
2606551.67,2606331.77,2606311,5
2607571.84,2607331.75,2607312,5
2608554.60,2608331.73,2608311,5
2609574.87,2609331.72,2609312,5
2610568.65,2610331.70,2610313,5
2611563.67,2611331.68,2611313,5
2612573.77,2612331.67,2612313,5
2613564.92,2613331.65,2613313,5
2614563.71,2614331.63,2614313,5
2615576.78,2615331.62,2615314,5
2616562.57,2616331.60,2616314,5
2617552.55,2617331.58,2617313,5
2618553.79,2618331.56,2618313,5
2619554.46,2619331.55,2619312,5
2620552.66,2620331.53,2620311,5
2621565.52,2621331.51,2621312,5
2622553.78,2622331.50,2622311,5
2623552.67,2623331.48,2623311,5
2624553.48,2624331.46,2624310,5
2625563.37,2625331.45,2625310,5
2626574.20,2626331.43,2626311,5
2627566.47,2627331.41,2627311,6
2628563.58,2628331.39,2628310,6
2629566.45,2629331.38,2629310,6
2630565.49,2630331.36,2630310,6
2631575.34,2631331.34,2631310,6
2632558.39,2632331.33,2632310,5
2633575.31,2633331.31,2633312,4
2634557.59,2634331.29,2634313,3
2635553.72,2634331.29,2635314,3
2636556.29,2634331.29,2636314,3
2637553.68,2634331.29,2637315,3
2638552.57,2634331.29,2638315,4
2639570.26,2639331.21,2639316,4
2640550.01,2640331.19,2640315,4
2641548.18,2641331.17,2641315,4
2642560.32,2642331.16,2642315,4
2643549.24,2643331.14,2643314,4
2644561.00,2644331.12,2644315,4
2645551.82,2645331.11,2645315,4
2646550.44,2646331.09,2646314,4
2647556.98,2647331.07,2647314,4
2648560.04,2648331.06,2648315,4
2649582.06,2649331.04,2649316,4
2650570.14,2650331.02,2650317,4
2651564.98,2651331.00,2651317,4
2652559.80,2652330.99,2652317,4
2653570.02,2653330.97,2653318,4
2654561.03,2654330.95,2654318,4
2655579.00,2655330.94,2655319,4
2656553.10,2656330.92,2656319,4
2657563.81,2657330.90,2657319,4
2658555.66,2658330.89,2658319,4
2659559.96,2659330.87,2659319,4
2660549.54,2660330.85,2660318,4
2661563.02,2661330.83,2661318,4
2662570.89,2662330.82,2662319,4
2663552.74,2663330.80,2663319,4
2664556.80,2664330.78,2664318,4
2665549.74,2665330.77,2665318,4
2666558.81,2666330.75,2666318,4
2667566.87,2667330.73,2667318,4
2668548.90,2668330.72,2668317,4
2669559.91,2669330.70,2669318,4
2670552.57,2670330.68,2670317,4
2671552.53,2671330.66,2671317,4
2672546.69,2672330.65,2672316,4
2673553.66,2673330.63,2673316,4
2674554.44,2674330.61,2674316,4
2675549.38,2675330.60,2675315,4
2676554.57,2676330.58,2676315,4
2677555.42,2677330.56,2677315,4
2678556.49,2678330.55,2678315,4
2679555.59,2679330.53,2679315,4
2680556.45,2680330.51,2680315,4
2681558.58,2681330.49,2681315,4
2682553.31,2682330.48,2682315,4
2683545.40,2683330.46,2683314,4
2684546.23,2684330.44,2684314,4
2685554.37,2685330.43,2685314,4
2686545.65,2686330.41,2686313,4
2687570.70,2687330.39,2687314,4
2688554.45,2688330.38,2688314,4
2689546.03,2689330.36,2689313,4
2690556.03,2690330.34,2690313,4
2691551.61,2691330.32,2691313,4
2692555.43,2692330.31,2692313,4
2693547.14,2693330.29,2693313,4
2694573.20,2694330.27,2694314,4
2695551.38,2695330.26,2695314,4
2696542.29,2696330.24,2696313,4
2697548.12,2697330.22,2697312,4
2698553.10,2698330.21,2698312,4
2699562.26,2699330.19,2699313,4
2700571.34,2700330.17,2700314,4
2701546.22,2701330.16,2701313,4
2702542.35,2702330.14,2702313,4
2703549.37,2703330.12,2703312,4
2704544.24,2704330.10,2704312,4
2705568.98,2705330.09,2705313,4
2706554.12,2706330.07,2706313,4
2707546.15,2707330.05,2707312,4
2708543.96,2708330.04,2708312,4
2709571.00,2709330.02,2709313,4
2710544.11,2710330.00,2710312,4
2711590.02,2711329.99,2711314,5
2712563.02,2712329.97,2712314,5
2713575.99,2713329.95,2713314,5
2714565.66,2714329.93,2714314,5
2715564.07,2715329.92,2715314,5
2716561.83,2716329.90,2716314,5
2717567.03,2717329.88,2717314,5
2718557.82,2718329.87,2718314,5
2719556.53,2719329.85,2719313,5
2720561.22,2720329.83,2720313,5
2721578.65,2721329.82,2721314,5
2722578.52,2722329.80,2722315,5
2723595.45,2723329.78,2723317,5
2724558.83,2724329.76,2724316,5
2725559.59,2725329.75,2725316,5
2726579.08,2726329.73,2726317,5
2727567.78,2727329.71,2727317,5
2728555.80,2728329.70,2728316,5
2729570.91,2729329.68,2729316,5
2730557.54,2730329.66,2730316,5
2731556.55,2731329.65,2731315,5
2732565.58,2732329.63,2732315,5
2733551.79,2733329.61,2733314,5
2734562.33,2734329.59,2734314,5
2735575.75,2735329.58,2735315,5
2736556.55,2736329.56,2736314,5
2737591.48,2737329.54,2737316,5
2738569.82,2738329.53,2738316,5
2739568.46,2739329.51,2739316,5
2740560.73,2740329.49,2740316,5
2741571.15,2741329.48,2741316,5
2742569.34,2742329.46,2742316,5
2743578.56,2743329.44,2743317,5
2744555.58,2744329.43,2744316,5
2745556.52,2745329.41,2745316,5
2746556.35,2746329.39,2746315,5
2747552.17,2747329.37,2747314,5
2748568.31,2748329.36,2748314,5
2749556.35,2749329.34,2749314,5
2750565.55,2750329.32,2750314,5
2751577.44,2751329.31,2751315,5
2752567.13,2752329.29,2752315,5
2753577.45,2753329.27,2753316,5
2754587.26,2754329.26,2754317,5
2755574.15,2755329.24,2755317,5
2756557.13,2756329.22,2756317,5
2757560.16,2757329.20,2757316,5
2758568.94,2758329.19,2758316,5
2759568.93,2759329.17,2759317,5
2760556.14,2760329.15,2760316,5
2761565.12,2761329.14,2761316,5
2762562.84,2762329.12,2762316,5
2763563.06,2763329.10,2763315,5
2764565.07,2764329.09,2764315,5
2765560.33,2765329.07,2765315,5
2766567.96,2766329.05,2766315,5
2767569.16,2767329.03,2767315,5
2768548.00,2768329.02,2768314,5
2769545.82,2769329.00,2769313,5
2770557.07,2770328.98,2770313,5
2771579.98,2771328.97,2771314,5
2772555.07,2772328.95,2772313,5
2773556.94,2773328.93,2773313,5
2774553.84,2774328.92,2774312,5
2775571.84,2775328.90,2775313,5
2776562.81,2776328.88,2776313,5
2777560.60,2777328.86,2777312,5
2778554.86,2778328.85,2778312,5
2779577.83,2779328.83,2779313,5
2780573.13,2780328.81,2780314,5
2781561.93,2781328.80,2781313,5
2782551.85,2782328.78,2782313,5
2783563.81,2783328.76,2783313,5
2784568.53,2784328.75,2784313,5
2785566.71,2785328.73,2785313,5
2786556.51,2786328.71,2786313,5
2787555.55,2787328.69,2787312,5
2788554.44,2788328.68,2788312,5
2789556.63,2789328.66,2789311,5
2790578.70,2790328.64,2790312,5
2791557.66,2791328.63,2791312,5
2792577.84,2792328.61,2792313,5
2793556.47,2793328.59,2793313,5
2794579.79,2794328.58,2794314,5
2795559.70,2795328.56,2795313,5
2796564.49,2796328.54,2796313,5
2797564.42,2797328.53,2797313,5
2798555.15,2798328.51,2798313,5
2799556.46,2799328.49,2799313,5
2800575.85,2800328.47,2800313,5
2801560.28,2801328.46,2801313,5
2802565.22,2802328.44,2802313,5
2803554.44,2803328.42,2803313,5
2804557.34,2804328.41,2804312,5
2805580.29,2805328.39,2805313,5
2806565.72,2806328.37,2806313,5
2807581.05,2807328.36,2807315,5
2808577.24,2808328.34,2808315,5
2809574.32,2809328.32,2809316,5
2810567.46,2810328.30,2810316,5
2811569.42,2811328.29,2811316,5
2812554.55,2812328.27,2812315,5
2813556.21,2813328.25,2813315,5
2814556.12,2814328.24,2814314,5
2815564.12,2815328.22,2815314,5
2816578.36,2816328.20,2816315,5
2817587.19,2817328.19,2817316,5
2818565.29,2818328.17,2818316,5
2819565.44,2819328.15,2819316,5
2820574.15,2820328.13,2820317,5
2821555.84,2821328.12,2821316,5
2822567.16,2822328.10,2822316,5
2823576.11,2823328.08,2823317,5
2824557.98,2824328.07,2824316,5
2825580.31,2825328.05,2825317,5
2826563.14,2826328.03,2826317,5
2827564.03,2827328.02,2827316,5
2828565.95,2828328.00,2828316,5
2829565.01,2829327.98,2829316,5
2830583.80,2830327.96,2830317,5
2831578.14,2831327.95,2831318,5
2832576.04,2832327.93,2832318,5
2833561.13,2833327.91,2833318,5
2834574.92,2834327.90,2834318,5
2835558.74,2835327.88,2835318,5
2836556.01,2836327.86,2836317,5
2837562.03,2837327.85,2837317,5
2838580.61,2838327.83,2838317,5
2839566.98,2839327.81,2839317,5
2840559.86,2840327.79,2840317,5
2841570.63,2841327.78,2841317,5
2842557.64,2842327.76,2842316,5
2843576.69,2843327.74,2843317,5
2844549.66,2844327.73,2844316,5
2845554.70,2845327.71,2845315,5
2846565.48,2846327.69,2846315,5
2847556.84,2847327.68,2847315,5
2848563.89,2848327.66,2848315,5
2849576.67,2849327.64,2849315,5
2850557.49,2850327.62,2850315,5
2851552.72,2851327.61,2851314,5
2852549.46,2852327.59,2852313,5
2853547.74,2853327.57,2853312,5
2854553.27,2854327.56,2854312,5
2855558.50,2855327.54,2855311,5
2856546.57,2856327.52,2856310,5
2857553.43,2857327.51,2857310,5
2858549.66,2858327.49,2858309,5
2859556.62,2859327.47,2859309,5
2860553.57,2860327.46,2860309,5
2861565.78,2861327.44,2861309,5
2862555.45,2862327.42,2862309,5
2863561.56,2863327.40,2863309,5
2864555.09,2864327.39,2864309,5
2865567.70,2865327.37,2865309,5
2866552.14,2866327.35,2866309,5
2867546.38,2867327.34,2867308,5
2868552.42,2868327.32,2868308,5
2869552.66,2869327.30,2869307,5
2870556.31,2870327.29,2870307,5
2871559.43,2871327.27,2871307,5
2872554.39,2872327.25,2872307,5
2873561.00,2873327.23,2873307,5
2874548.45,2874327.22,2874307,5
2875550.28,2875327.20,2875306,5
2876561.08,2876327.18,2876307,5
2877544.42,2877327.17,2877306,5
2878546.21,2878327.15,2878305,5
2879549.77,2879327.13,2879305,5
2880552.85,2880327.12,2880305,5
2881571.06,2881327.10,2881306,5
2882561.96,2882327.08,2882306,5
2883579.39,2883327.06,2883307,5
2884570.33,2884327.05,2884308,5
2885562.13,2885327.03,2885308,5
2886550.25,2886327.01,2886308,5
2887548.93,2887327.00,2887307,5
2888551.01,2888326.98,2888307,5
2889558.94,2889326.96,2889307,5
2890549.97,2890326.95,2890306,5
2891554.83,2891326.93,2891306,5
2892580.20,2892326.91,2892308,5
2893558.15,2893326.89,2893308,5
2894548.87,2894326.88,2894307,5
2895560.94,2895326.86,2895307,5
2896571.07,2896326.84,2896308,5
2897571.66,2897326.83,2897309,5
2898549.80,2898326.81,2898308,5
2899568.97,2899326.79,2899309,5
2900548.47,2900326.78,2900308,5
2901560.07,2901326.76,2901308,5
2902577.11,2902326.74,2902310,5
2903586.73,2903326.72,2903311,5
2904576.63,2904326.71,2904312,5
2905556.70,2905326.69,2905312,5
2906564.57,2906326.67,2906312,5
2907569.88,2907326.66,2907312,5
2908555.94,2908326.64,2908312,5
2909564.62,2909326.62,2909312,5
2910574.82,2910326.61,2910313,5
2911563.73,2911326.59,2911313,5
2912558.57,2912326.57,2912313,5
2913584.41,2913326.56,2913314,5
2914565.37,2914326.54,2914314,5
2915559.92,2915326.52,2915314,5
2916573.60,2916326.50,2916314,5
2917575.69,2917326.49,2917315,5
2918556.55,2918326.47,2918314,5
2919553.45,2919326.45,2919314,5
2920553.29,2920326.44,2920313,5
2921564.46,2921326.42,2921313,5
2922550.39,2922326.40,2922312,5
2923550.25,2923326.39,2923311,5
2924567.73,2924326.37,2924312,5
2925557.31,2925326.35,2925312,5
2926551.52,2926326.33,2926311,5
2927573.78,2927326.32,2927312,5
2928552.52,2928326.30,2928311,5
2929581.47,2929326.28,2929312,5
2930562.28,2930326.27,2930312,5
2931580.30,2931326.25,2931313,5
2932553.31,2932326.23,2932313,5
2933564.42,2933326.22,2933313,5
2934572.29,2934326.20,2934313,5
2935560.05,2935326.18,2935313,5
2936551.09,2936326.16,2936312,5
2937559.31,2937326.15,2937312,5
2938566.11,2938326.13,2938312,5
2939568.30,2939326.11,2939313,5
2940557.01,2940326.10,2940312,5
2941562.30,2941326.08,2941312,5
2942552.27,2942326.06,2942312,5
2943564.19,2943326.05,2943312,5
2944552.09,2944326.03,2944311,5
2945575.15,2945326.01,2945312,5
2946565.07,2946326.00,2946312,5
2947551.08,2947325.98,2947311,5
2948558.85,2948325.96,2948311,5
2949552.86,2949325.94,2949311,5
2950551.99,2950325.93,2950310,5
2951572.85,2951325.91,2951311,5
2952561.12,2952325.89,2952311,5
2953559.91,2953325.88,2953311,5
2954569.80,2954325.86,2954311,5
2955558.68,2955325.84,2955311,5
2956580.93,2956325.83,2956312,5
2957573.74,2957325.81,2957313,5
2958549.01,2958325.79,2958312,5
2959548.67,2959325.77,2959311,5
2960559.80,2960325.76,2960311,5
2961561.82,2961325.74,2961311,5
2962550.95,2962325.72,2962310,5
2963571.99,2963325.71,2963311,5
2964558.64,2964325.69,2964311,5
2965558.86,2965325.67,2965311,5
2966556.01,2966325.66,2966310,5
2967581.77,2967325.64,2967312,5
2968560.83,2968325.62,2968312,5
2969581.69,2969325.60,2969313,5
2970580.26,2970325.59,2970314,5
2971558.74,2971325.57,2971314,5
2972553.03,2972325.55,2972313,5
2973560.45,2973325.54,2973313,5
2974558.54,2974325.52,2974312,5
2975573.68,2975325.50,2975313,5
2976584.58,2976325.49,2976314,5
2977562.64,2977325.47,2977314,5
2978560.42,2978325.45,2978314,5
2979581.53,2979325.44,2979315,5
2980553.56,2980325.42,2980314,5
2981584.19,2981325.40,2981316,5
2982566.64,2982325.38,2982316,5
2983553.53,2983325.37,2983315,5
2984578.34,2984325.35,2984316,5
2985572.35,2985325.33,2985316,5
2986572.39,2986325.32,2986316,5
2987573.37,2987325.30,2987317,5
2988570.18,2988325.28,2988317,5
2989560.41,2989325.27,2989317,5
2990569.06,2990325.25,2990317,5
2991569.56,2991325.23,2991317,5
2992547.44,2992325.21,2992316,4
2993555.30,2993325.20,2993316,4
2994567.29,2994325.18,2994317,4
2995575.52,2995325.16,2995318,4
2996562.56,2996325.15,2996318,4
2997546.26,2997325.13,2997317,4
2998551.11,2998325.11,2998317,4
2999553.38,2999325.10,2999316,4
3000552.27,3000325.08,3000316,4
3001546.10,3001325.06,3001315,4
3002553.13,3002325.04,3002315,4
3003544.10,3003325.03,3003314,4
3004544.15,3004325.01,3004314,4
3005566.02,3005324.99,3005314,4
3006554.08,3006324.98,3006314,4
3007538.69,3007324.96,3007313,4
3008550.07,3008324.94,3008313,4
3009552.87,3009324.93,3009313,4
3010563.70,3010324.91,3010313,4
3011572.92,3011324.89,3011314,4
3012554.89,3012324.88,3012314,4
3013553.98,3013324.86,3013314,4
3014548.54,3014324.84,3014314,4
3015554.74,3015324.82,3015314,4
3016554.14,3016324.81,3016314,4
3017563.89,3017324.79,3017314,4
3018552.81,3018324.77,3018314,4
3019552.69,3019324.76,3019314,4
3020551.71,3020324.74,3020314,4
3021549.83,3021324.72,3021313,4
3022549.84,3022324.71,3022313,4
3023551.78,3023324.69,3023313,4
3024540.90,3024324.67,3024312,4
3025542.69,3025324.65,3025311,4
3026543.96,3026324.64,3026311,4
3027534.84,3027324.62,3027310,4
3028541.84,3028324.60,3028309,4
3029545.86,3029324.59,3029309,4
3030550.59,3030324.57,3030309,4
3031550.50,3031324.55,3031309,4
3032550.54,3032324.54,3032309,4
3033549.47,3033324.52,3033309,4
3034533.61,3034324.50,3034308,4
3035551.66,3035324.48,3035308,4
3036539.82,3036324.47,3036307,4
3037550.41,3037324.45,3037307,4
3038538.42,3038324.43,3038307,4
3039553.66,3039324.42,3039307,4
3040543.55,3040324.40,3040307,4
3041546.52,3041324.38,3041307,4
3042547.84,3042324.37,3042307,4
3043541.48,3043324.35,3043306,4
3044532.54,3044324.33,3044305,4
3045555.58,3045324.32,3045306,4
3046547.55,3046324.30,3046306,4
3047552.27,3047324.28,3047306,4
3048538.31,3048324.26,3048306,4
3049538.30,3049324.25,3049305,4
3050534.43,3050324.23,3050304,4
3051542.41,3051324.21,3051304,4
3052543.43,3052324.20,3052304,4
3053558.33,3053324.18,3053305,4
3054567.25,3054324.16,3054306,4
3055539.15,3055324.15,3055306,4
3056537.39,3056324.13,3056305,4
3057546.45,3057324.11,3057305,4
3058546.26,3058324.09,3058305,4
3059557.18,3059324.08,3059306,4
3060537.38,3060324.06,3060305,4
3061548.30,3061324.04,3061305,4
3062537.87,3062324.03,3062305,4
3063534.46,3063324.01,3063304,4
3064562.12,3064323.99,3064305,4
3065537.12,3065323.98,3065304,4
3066552.92,3066323.96,3066305,4
3067534.00,3067323.94,3067304,4
3068554.81,3068323.93,3068305,4
3069552.90,3069323.91,3069305,4
3070534.27,3070323.89,3070304,4
3071543.96,3071323.87,3071304,4
3072545.02,3072323.86,3072304,4
3073542.08,3073323.84,3073304,4
3074543.94,3074323.82,3074304,4
3075544.80,3075323.81,3075304,4
3076534.21,3076323.79,3076303,4
3077567.74,3077323.77,3077304,4
3078534.87,3078323.76,3078304,4
3079556.02,3079323.74,3079304,4
3080564.21,3080323.72,3080306,4
3081537.78,3081323.71,3081305,4
3082547.16,3082323.69,3082305,4
3083548.85,3083323.67,3083305,4
3084528.04,3084323.65,3084305,3
3085538.92,3084323.65,3085305,3
3086550.16,3084323.65,3086306,3
3087547.30,3084323.65,3087307,3
3088525.40,3084323.65,3088306,3
3089535.00,3084323.65,3089306,3
3090539.21,3084323.65,3090306,3
3091536.12,3084323.65,3091306,3
3092548.83,3084323.65,3092307,3
3093537.13,3084323.65,3093307,3
3094536.01,3084323.65,3094307,3
3095553.06,3084323.65,3095308,3
3096544.69,3084323.65,3096308,4
3097565.31,3097323.43,3097308,5
3098554.44,3098323.42,3098308,5
3099543.49,3099323.40,3099307,5
3100547.25,3100323.38,3100306,5
3101565.42,3101323.37,3101307,5
3102546.28,3102323.35,3102306,5
3103555.45,3103323.33,3103306,5
3104541.08,3104323.32,3104305,5
3105568.04,3105323.30,3105306,5
3106561.47,3106323.28,3106306,5
3107561.32,3107323.27,3107307,5
3108550.36,3108323.25,3108306,5
3109551.24,3109323.23,3109306,5
3110550.25,3110323.21,3110305,5
3111558.22,3111323.20,3111306,5
3112549.33,3112323.18,3112305,5
3113562.36,3113323.16,3113306,5
3114557.29,3114323.15,3114306,5
3115559.15,3115323.13,3115306,5
3116550.18,3116323.11,3116305,5
3117555.36,3117323.10,3117305,5
3118578.26,3118323.08,3118307,5
3119558.44,3119323.06,3119307,5
