3554,3225,3273,7
4503,4225,4247,7
5494,5225,5235,7
6504,6225,6232,7
7522,7225,7234,7
8503,8225,8231,7
9527,9225,9234,7
10524,10225,10235,7
11474,11225,11228,7
12500,12225,12227,7
13510,13225,13227,7
14494,14225,14225,7
15479,15225,15221,7
16536,16225,16226,7
17494,17224,17224,7
18522,18224,18226,7
19512,19224,19227,7
20512,20224,20214,8
21547,21224,21220,8
22541,22224,22223,8
23511,23224,23222,8
24510,24224,24221,8
25512,25224,25221,8
26511,26224,26220,8
27492,27224,27217,8
28509,28224,28217,8
29499,29224,29215,8
30528,30224,30218,8
31527,31224,31220,8
32528,32224,32222,8
33492,33224,33218,8
34498,34224,34216,8
35510,35224,35216,8
36538,36224,36220,8
37539,37224,37223,8
38498,38224,38210,9
39521,39224,39211,9
40530,40224,40213,9
41502,41224,41211,9
42521,42224,42212,9
43498,43224,43209,9
44518,44224,44210,9
45521,45224,45211,9
46499,46224,46209,9
47513,47224,47209,9
48516,48224,48209,9
49491,49224,49206,9
50513,50224,50206,9
51507,51224,51206,9
52493,52224,52203,9
53489,53224,53201,9
54479,54224,54197,9
55471,55224,55193,9
56475,56224,56190,9
57477,57224,57187,9
58462,58224,58183,9
59474,59224,59181,9
60469,60224,60179,9
61473,61224,61177,9
62470,62224,62176,9
63488,63224,63187,8
64475,64224,64186,8
65480,65224,65186,8
66466,66224,66184,8
67457,67224,67194,7
68457,68224,68191,7
69459,69224,69208,6
70459,70224,70207,6
71476,71224,71208,6
72456,72224,72206,6
73455,73223,73204,6
74445,74223,74217,5
75469,75223,75230,4
76459,76223,76230,4
77466,77223,77230,4
78458,78223,78229,4
79439,79223,79225,4
80445,80223,80223,4
81462,81223,81233,3
82429,82223,82227,3
83428,83223,83223,3
84446,84223,84223,3
85448,85223,85223,3
86467,86223,86217,4
87468,87223,87220,4
88468,88223,88222,4
89447,89223,89221,4
90461,90223,90231,3
91441,91223,91228,3
92439,92223,92226,3
93450,93223,93217,4
94457,94223,94218,4
95439,95223,95224,3
96443,96223,96223,3
97451,97223,97224,3
98451,98223,98224,3
99432,99223,99221,3
100430,100223,100218,3
101426,101223,101215,3
102438,102223,102215,3
103429,103223,103213,3
104439,104223,104213,3
105462,105223,105218,3
106439,106223,106217,3
107450,107223,107219,3
108437,108223,108218,3
109437,109223,109217,3
110436,110223,110216,3
111446,111223,111217,3
112463,112223,112221,3
113430,113223,113218,3
114450,114223,114219,3
115451,115223,115221,3
116442,116223,116220,3
117440,117223,117219,3
118433,118223,118217,3
119452,119223,119219,3
120456,120223,120221,3
121432,121223,121219,3
122442,122223,122219,3
123441,123223,123218,3
124433,124223,124216,3
125454,125223,125219,3
126441,126223,126218,3
127441,127223,127218,3
128434,128223,128216,3
129453,129223,129219,3
130441,130223,130218,3
131444,131223,131219,3
132454,132223,132221,3
133443,133223,133220,3
134443,134223,134220,3
135446,135223,135220,3
136463,136223,136224,3
137433,137223,137221,3
138459,138223,138223,3
139453,139223,139224,3
140435,140223,140222,3
141442,141223,141221,3
142440,142223,142220,3
143439,143223,143219,3
144441,144223,144218,3
145441,145223,145218,3
146440,146223,146218,3
147452,147223,147219,3
148460,148223,148222,3
149452,149223,149223,3
150442,150223,150222,3
151462,151223,151225,3
152452,152223,152226,3
153449,153223,153225,3
154439,154223,154223,3
155439,155223,155222,3
156449,156223,156213,4
157469,157223,157218,4
158466,158223,158220,4
159470,159223,159223,4
160462,160223,160224,4
161439,161223,161221,4
162438,162223,162218,4
163439,163223,163216,4
164438,164223,164214,4
165453,165223,165215,4
166440,166223,166213,4
167464,167223,167216,4
168451,168223,168217,4
169470,169223,169220,4
170459,170223,170221,4
171470,171223,171224,4
172459,172223,172224,4
173439,173223,173221,4
174448,174223,174220,4
175470,175223,175223,4
176460,176223,176223,4
177444,177223,177221,4
178468,178223,178223,4
179450,179223,179222,4
180447,180223,180221,4
181461,181223,181222,4
182452,182223,182221,4
183459,183223,183222,4
184439,184223,184219,4
185450,185223,185219,4
186467,186222,186221,4
187436,187222,187218,4
188437,188222,188216,4
189455,189222,189217,4
190446,190222,190216,4
191458,191222,191217,4
192450,192222,192217,4
193468,193222,193220,4
194462,194222,194222,4
195478,195222,195213,5
196458,196222,196213,5
197449,197222,197211,5
198440,198222,198220,4
199447,199222,199219,4
200466,200222,200209,5
201477,201222,201212,5
202467,202222,202214,5
203447,203222,203212,5
204469,204222,204214,5
205468,205222,205215,5
206444,206222,206212,5
207473,207222,207215,5
208476,208222,208217,5
209445,209222,209214,5
210462,210222,210215,5
211454,211222,211214,5
212456,212222,212213,5
213455,213222,213213,5
214453,214222,214212,5
215473,215222,215214,5
216452,216222,216213,5
217453,217222,217212,5
218452,218222,218211,5
219455,219222,219211,5
220454,220222,220211,5
221455,221222,221211,5
222450,222222,222210,5
223472,223222,223212,5
224444,224222,224210,5
225460,225222,225211,5
226438,226222,226219,4
227448,227222,227218,4
228453,228222,228219,4
229446,229222,229218,4
230457,230222,230219,4
231447,231222,231218,4
232466,232222,232220,4
233466,233222,233222,4
234464,234222,234224,4
235455,235222,235223,4
236446,236222,236222,4
237453,237222,237221,4
238446,238222,238220,4
239446,239222,239218,4
240466,240222,240221,4
241466,241221,241223,4
242466,242221,242225,4
243454,243221,243224,4
244446,244221,244222,4
245435,245221,245218,4
246442,246221,246217,4
247466,247221,247219,4
248469,248221,248222,4
249467,249221,249224,4
250445,250221,250222,4
251448,251221,251221,4
252445,252221,252219,4
253455,253221,253220,4
254444,254221,254218,4
255456,255221,255219,4
256447,256221,256218,4
257444,257221,257217,4
258455,258221,258217,4
259443,259221,259216,4
260454,260221,260217,4
261466,261221,261220,4
262455,262221,262220,4
263453,263221,263220,4
264447,264221,264219,4
265467,265221,265221,4
266438,266221,266218,4
267446,267221,267217,4
268457,268221,268218,4
269447,269221,269218,4
270435,270221,270215,4
271446,271221,271214,4
272436,272221,272212,4
273439,273221,273211,4
274445,274221,274211,4
275445,275221,275211,4
276457,276221,276213,4
277445,277221,277213,4
278445,278221,278213,4
279446,279221,279213,4
280455,280221,280214,4
281454,281221,281215,4
282456,282221,282217,4
283436,283221,283214,4
284447,284221,284214,4
285465,285221,285217,4
286467,286221,286220,4
287435,287221,287217,4
288436,288221,288214,4
289437,289221,289212,4
290445,290221,290212,4
291456,291221,291214,4
292443,292221,292213,4
293435,293221,293211,4
294435,294221,294210,4
295445,295221,295210,4
296455,296221,296212,4
297453,297220,297213,4
298440,298220,298212,4
299444,299220,299212,4
300447,300220,300212,4
301454,301220,301214,4
302443,302220,302213,4
303457,303220,303215,4
304436,304220,304213,4
305443,305220,305212,4
306442,306220,306211,4
307460,307220,307214,4
308432,308220,308211,4
309452,309220,309213,4
310432,310220,310210,4
311442,311220,311210,4
312433,312220,312208,4
313440,313220,313208,4
314441,314220,314208,4
315450,315220,315209,4
316441,316220,316209,4
317460,317220,317212,4
318438,318220,318211,4
319436,319220,319209,4
320441,320220,320209,4
321453,321220,321211,4
322438,322220,322210,4
323461,323220,323213,4
324431,324220,324210,4
325427,325220,325207,4
326447,326220,326208,4
327457,327220,327211,4
328436,328220,328210,4
329428,329220,329207,4
330436,330220,330206,4
331430,331220,331204,4
332433,332220,332204,4
333430,333220,333202,4
334438,334220,334203,4
335440,335220,335203,4
336440,336220,336204,4
337448,337220,337206,4
338459,338220,338209,4
339431,339220,339207,4
340442,340220,340207,4
341461,341220,341211,4
342431,342220,342209,4
343438,343220,343208,4
344427,344220,344205,4
345446,345220,345207,4
346448,346220,346208,4
347437,347220,347207,4
348443,348220,348208,4
349457,349220,349210,4
350428,350220,350208,4
351448,351220,351209,4
352432,352220,352207,4
353448,353219,353208,4
354446,354219,354209,4
355436,355219,355208,4
356458,356219,356211,4
357450,357219,357212,4
358445,358219,358212,4
359455,359219,359213,4
360435,360219,360211,4
361434,361219,361209,4
362437,362219,362208,4
363442,363219,363208,4
364446,364219,364209,4
365443,365219,365209,4
366443,366219,366209,4
367452,367219,367211,4
368434,368219,368209,4
369444,369219,369209,4
370444,370219,370210,4
371444,371219,371210,4
372453,372219,372211,4
373430,373219,373209,4
374444,374219,374209,4
375433,375219,375207,4
376431,376219,376206,4
377445,377219,377207,4
378445,378219,378208,4
379431,379219,379206,4
380426,380219,380204,4
381447,381219,381214,3
382435,382219,382214,3
383435,383219,383213,3
384427,384219,384211,3
385435,385219,385211,3
386426,386219,386209,3
387447,387219,387212,3
388425,388219,388210,3
389427,389219,389208,3
390426,390219,390207,3
391422,391219,391205,3
392436,392219,392206,3
393428,393219,393206,3
394423,394219,394205,3
395426,395219,395204,3
396424,396219,396203,3
397441,397219,397206,3
398433,398219,398206,3
399418,399219,399204,3
400437,400219,400205,3
401415,401219,401203,3
402423,402219,402202,3
403413,403219,403199,3
404426,404219,404200,3
405427,405219,405200,3
406416,406219,406199,3
407423,407219,407199,3
408434,408219,408201,3
409416,409219,409199,3
410415,410219,410197,3
411436,411219,411200,3
412414,412219,412198,3
413436,413219,413201,3
414433,414219,414202,3
415410,415219,415210,2
416416,416219,416219,1
417434,417219,417220,1
418405,418219,418218,1
419414,419219,419217,1
420427,420219,420218,1
421409,421219,421216,1
422407,422219,422215,1
423435,423219,423216,1
424407,424219,424215,1
425414,425219,425214,1
426409,426219,426213,1
427401,427219,427211,1
428431,428219,428213,1
429410,429219,429212,1
430401,430219,430210,1
431400,431219,431209,1
432409,432219,432208,1
433399,433219,433207,1
434418,434219,434207,1
435422,435219,435208,1
436419,436219,436209,1
437409,437219,437208,1
438408,438219,438208,1
439401,439219,439206,1
440421,440219,440207,1
441402,441219,441206,1
442412,442219,442206,1
443411,443219,443206,1
444410,444219,444206,1
445400,445219,445205,1
446430,446219,446207,1
447420,447219,447208,1
448421,448219,448208,1
449408,449219,449208,1
450408,450219,450207,1
451400,451219,451206,1
452411,452219,452206,1
453400,453219,453205,1
454399,454219,454203,1
455410,455219,455204,1
456411,456219,456204,1
457401,457219,457203,1
458439,458219,458197,2
459440,459219,459201,2
460417,460219,460201,2
461418,461219,461201,2
462438,462219,462204,2
463418,463219,463204,2
464438,464219,464206,2
465420,465219,465206,2
466419,466219,466205,2
467417,467219,467205,2
468437,468219,468207,2
469428,469219,469208,2
470416,470219,470207,2
471420,471219,471207,2
472430,472219,472207,2
473406,473219,473205,2
474419,474219,474205,2
475439,475219,475207,2
476427,476219,476208,2
477428,477219,477208,2
478410,478219,478207,2
479417,479219,479206,2
480430,480219,480207,2
481410,481219,481206,2
482411,482219,482204,2
483429,483219,483205,2
484419,484219,484205,2
485418,485219,485205,2
486417,486219,486205,2
487429,487219,487206,2
488418,488219,488205,2
489437,489219,489207,2
490420,490219,490207,2
491416,491219,491206,2
492439,492219,492208,2
493418,493219,493208,2
494419,494219,494207,2
495410,495219,495206,2
496408,496219,496204,2
497415,497219,497203,2
498417,498219,498203,2
499428,499219,499204,2
500429,500219,500205,2
501411,501219,501204,2
502406,502219,502203,2
503417,503219,503202,2
504418,504219,504202,2
505408,505219,505201,2
506408,506219,506200,2
507427,507219,507202,2
508416,508219,508201,2
509428,509219,509203,2
510415,510219,510202,2
511428,511219,511204,2
512415,512219,512203,2
513413,513219,513213,1
514419,514219,514213,1
515407,515219,515212,1
516400,516219,516210,1
517409,517219,517199,2
518429,518219,518194,3
519446,519219,519200,3
520447,520219,520205,3
521437,521219,521215,2
522418,522219,522214,2
523430,523219,523214,2
524417,524219,524212,2
525419,525219,525211,2
526430,526219,526212,2
527441,527219,527213,2
528422,528219,528213,2
529417,529219,529211,2
530437,530219,530205,3
531446,531219,531209,3
532434,532219,532200,4
533430,533219,533202,4
534433,534219,534201,4
535431,535219,535201,4
536431,536219,536200,4
537428,537219,537199,4
538426,538219,538198,4
539433,539219,539198,4
540435,540219,540199,4
541435,541219,541199,4
542434,542219,542199,4
543452,543219,543203,4
544441,544219,544213,3
545450,545219,545215,3
546452,546219,546217,3
547422,547219,547214,3
548438,548219,548214,3
549452,549219,549216,3
550451,550219,550218,3
551421,551219,551214,3
552449,552219,552216,3
553427,553219,553214,3
554432,554219,554212,3
555445,555219,555214,3
556444,556219,556215,3
557421,557219,557212,3
558431,558219,558211,3
559421,559219,559208,3
560421,560219,560206,3
561433,561219,561206,3
562432,562219,562207,3
563434,563219,563198,4
564462,564219,564203,4
565451,565219,565205,4
566439,566219,566205,4
567459,567219,567209,4
568452,568219,568211,4
569451,569219,569212,4
570440,570219,570211,4
571440,571219,571210,4
572450,572219,572211,4
573460,573219,573214,4
574439,574218,574212,4
575428,575218,575209,4
576439,576218,576209,4
577450,577218,577210,4
578428,578218,578207,4
579432,579218,579206,4
580439,580218,580206,4
581433,581218,581205,4
582453,582218,582207,4
583435,583218,583206,4
584428,584218,584204,4
585437,585218,585204,4
586437,586218,586204,4
587426,587218,587202,4
588436,588218,588202,4
589435,589218,589202,4
590427,590218,590201,4
591431,591218,591200,4
592439,592218,592201,4
593438,593218,593202,4
594449,594218,594204,4
595458,595218,595207,4
596439,596218,596207,4
597459,597218,597210,4
598439,598218,598209,4
599428,599218,599207,4
600449,600218,600208,4
601451,601218,601210,4
602430,602218,602208,4
603449,603218,603209,4
604436,604218,604208,4
605428,605218,605206,4
606441,606218,606206,4
607438,607218,607206,4
608437,608218,608205,4
609449,609218,609207,4
610438,610218,610207,4
611429,611218,611205,4
612428,612218,612203,4
613439,613218,613203,4
614440,614218,614204,4
615442,615218,615205,4
616449,616218,616207,4
617429,617218,617205,4
618438,618218,618205,4
619450,619218,619207,4
620432,620218,620205,4
621431,621218,621204,4
622444,622218,622205,4
623427,623218,623203,4
624441,624218,624204,4
625463,625218,625208,4
626429,626218,626206,4
627443,627218,627207,4
628442,628218,628207,4
629434,629218,629206,4
630427,630217,630204,4
631437,631217,631204,4
632441,632217,632204,4
633432,633217,633203,4
634437,634217,634203,4
635440,635217,635204,4
636438,636217,636204,4
637457,637217,637207,4
638428,638217,638205,4
639438,639217,639205,4
640436,640217,640205,4
641429,641217,641203,4
642428,642217,642202,4
643428,643217,643200,4
644430,644217,644200,4
645460,645217,645204,4
646456,646217,646207,4
647428,647217,647205,4
648438,648217,648205,4
649439,649217,649205,4
650438,650217,650205,4
651450,651217,651207,4
652439,652217,652207,4
653427,653217,653204,4
654429,654217,654203,4
655436,655217,655203,4
656460,656217,656207,4
657437,657217,657206,4
658438,658217,658206,4
659428,659217,659204,4
660438,660217,660204,4
661444,661217,661205,4
662448,662217,662207,4
663437,663217,663206,4
664441,664217,664206,4
665429,665217,665205,4
666436,666217,666204,4
667447,667217,667206,4
668434,668217,668205,4
669454,669217,669208,4
670436,670217,670207,4
671444,671217,671207,4
672445,672217,672208,4
673449,673217,673209,4
674437,674217,674208,4
675455,675217,675211,4
676457,676217,676213,4
677436,677217,677211,4
678444,678217,678211,4
679445,679217,679211,4
680450,680217,680212,4
681445,681217,681212,4
682438,682217,682211,4
683435,683217,683209,4
684434,684217,684208,4
685432,685216,685206,4
686455,686216,686209,4
687443,687216,687209,4
688444,688216,688209,4
689440,689216,689209,4
690444,690216,690209,4
691437,691216,691208,4
692446,692216,692209,4
693438,693216,693208,4
694450,694216,694210,4
695448,695216,695210,4
696438,696216,696209,4
697431,697216,697207,4
698432,698216,698206,4
699449,699216,699207,4
700440,700216,700207,4
701446,701216,701208,4
702429,702216,702206,4
703446,703216,703195,5
704448,704216,704196,5
705433,705216,705206,4
706437,706216,706206,4
707424,707216,707203,4
708449,708216,708205,4
709428,709216,709203,4
710459,710216,710207,4
711449,711216,711209,4
712437,712216,712208,4
713429,713216,713206,4
714428,714216,714204,4
715449,715216,715206,4
716449,716216,716195,5
717437,717216,717195,5
718448,718216,718196,5
719450,719216,719197,5
720433,720216,720196,5
721445,721216,721196,5
722444,722216,722197,5
723457,723216,723199,5
724451,724216,724200,5
725464,725216,725203,5
726442,726216,726202,5
727434,727216,727200,5
728444,728216,728200,5
729454,729216,729201,5
730432,730216,730199,5
731453,731216,731200,5
732443,732216,732200,5
733436,733216,733198,5
734437,734216,734209,4
735430,735216,735207,4
736436,736216,736206,4
737436,737216,737205,4
738436,738216,738205,4
739421,739216,739202,4
740438,740215,740202,4
741448,741215,741204,4
742435,742215,742204,4
743437,743215,743204,4
744439,744215,744204,4
745429,745215,745203,4
746436,746215,746203,4
747449,747215,747205,4
748435,748215,748204,4
749435,749215,749204,4
750422,750215,750201,4
751436,751215,751201,4
752431,752215,752201,4
753435,753215,753201,4
754448,754215,754203,4
755438,755215,755203,4
756439,756215,756204,4
757437,757215,757204,4
758432,758215,758203,4
759439,759215,759203,4
760434,760215,760212,3
761434,761215,761211,3
762436,762215,762211,3
763444,763215,763213,3
764442,764215,764214,3
765444,765215,765215,3
766452,766215,766217,3
767425,767215,767214,3
768422,768215,768211,3
769443,769215,769212,3
770432,770215,770211,3
771425,771215,771209,3
772432,772215,772209,3
773439,773215,773210,3
774430,774215,774209,3
775427,775215,775208,3
776422,776215,776206,3
777453,777215,777210,3
778432,778215,778210,3
779444,779215,779212,3
780444,780215,780213,3
781430,781215,781212,3
782438,782215,782203,4
783454,783215,783206,4
784441,784215,784206,4
785426,785215,785204,4
786422,786215,786201,4
787434,787215,787201,4
788433,788215,788201,4
789446,789215,789203,4
790433,790215,790202,4
791425,791215,791200,4
792436,792215,792201,4
793436,793215,793201,4
794434,794215,794201,4
795427,795214,795200,4
796431,796214,796199,4
797435,797214,797200,4
798420,798214,798197,4
799428,799214,799197,4
800423,800214,800196,4
801420,801214,801194,4
802446,802214,802197,4
803436,803214,803198,4
804422,804214,804196,4
805425,805214,805196,4
806442,806214,806198,4
807423,807214,807196,4
808432,808214,808197,4
809433,809214,809197,4
810418,810214,810195,4
811427,811214,811195,4
812428,812214,812195,4
813428,813214,813195,4
814434,814214,814196,4
815451,815214,815199,4
816422,816214,816198,4
817427,817214,817197,4
818433,818214,818197,4
819427,819214,819197,4
820431,820214,820197,4
821427,821214,821196,4
822420,822214,822203,3
823447,823214,823207,3
824430,824214,824207,3
825428,825214,825206,3
826424,826214,826205,3
827427,827214,827204,3
828425,828214,828204,3
829427,829214,829203,3
830431,830214,830204,3
831436,831214,831205,3
832440,832214,832207,3
833452,833214,833211,3
834422,834214,834209,3
835427,835214,835207,3
836449,836214,836211,3
837428,837214,837209,3
838420,838214,838207,3
839437,839214,839208,3
840419,840214,840205,3
841432,841214,841206,3
842425,842214,842205,3
843421,843214,843203,3
844424,844214,844203,3
845448,845214,845206,3
846416,846214,846204,3
847433,847214,847205,3
848439,848214,848206,3
849451,849214,849210,3
850447,850214,850212,3
851429,851214,851211,3
852437,852214,852211,3
853428,853214,853210,3
854427,854214,854208,3
855425,855214,855207,3
856421,856214,856205,3
857429,857214,857205,3
858418,858214,858203,3
859421,859214,859202,3
860419,860214,860200,3
861449,861214,861205,3
862431,862214,862205,3
863429,863214,863205,3
864425,864214,864204,3
865417,865214,865202,3
866439,866214,866204,3
867441,867214,867207,3
868418,868214,868204,3
869426,869214,869204,3
870426,870214,870203,3
871420,871214,871202,3
872428,872214,872202,3
873441,873214,873205,3
874415,874214,874202,3
875426,875214,875202,3
876420,876214,876201,3
877419,877214,877200,3
878429,878214,878201,3
879423,879214,879200,3
880419,880214,880199,3
881427,881214,881200,3
882416,882214,882198,3
883427,883214,883199,3
884446,884214,884203,3
885434,885214,885204,3
886437,886214,886206,3
887423,887214,887204,3
888423,888214,888203,3
889422,889214,889202,3
890427,890214,890202,3
891438,891214,891204,3
892425,892214,892204,3
893423,893214,893203,3
894425,894214,894202,3
895417,895214,895201,3
896437,896214,896203,3
897441,897214,897205,3
898424,898214,898204,3
899425,899214,899204,3
900425,900214,900203,3
901428,901214,901203,3
902429,902214,902203,3
903426,903214,903203,3
904417,904214,904201,3
905428,905214,905202,3
906422,906214,906201,3
907416,907214,907199,3
908430,908214,908200,3
909415,909214,909198,3
910411,910214,910196,3
911429,911214,911198,3
912419,912214,912197,3
913422,913214,913197,3
914442,914214,914201,3
915427,915214,915201,3
916416,916214,916199,3
917421,917214,917199,3
918433,918214,918201,3
919423,919214,919200,3
920416,920214,920199,3
921437,921214,921201,3
922424,922214,922201,3
923415,923214,923199,3
924432,924214,924201,3
925419,925214,925199,3
926429,926214,926200,3
927438,927214,927203,3
928424,928214,928202,3
929445,929214,929206,3
930412,930214,930202,3
931441,931214,931196,4
932434,932214,932198,4
933457,933214,933202,4
934456,934214,934206,4
935445,935214,935207,4
936436,936214,936206,4
937428,937214,937204,4
938436,938214,938204,4
939432,939214,939203,4
940425,940214,940201,4
941435,941214,941201,4
942443,942214,942202,4
943425,943214,943201,4
944448,944214,944203,4
945447,945214,945205,4
946422,946214,946202,4
947431,947214,947201,4
948422,948214,948199,4
949422,949214,949197,4
950440,950214,950199,4
951433,951214,951199,4
952443,952214,952201,4
953432,953214,953200,4
954452,954214,954203,4
955443,955214,955205,4
956454,956214,956207,4
957452,957214,957209,4
958423,958214,958206,4
959439,959213,959206,4
960422,960213,960203,4
961424,961213,961201,4
962422,962213,962199,4
963448,963213,963201,4
964433,964213,964201,4
965429,965213,965200,4
966422,966213,966198,4
967431,967213,967198,4
968433,968213,968198,4
969454,969213,969202,4
970433,970213,970202,4
971429,971213,971201,4
972430,972213,972200,4
973421,973213,973198,4
974441,974213,974199,4
975453,975213,975203,4
976453,976213,976206,4
977430,977213,977204,4
978432,978213,978203,4
979442,979213,979204,4
980450,980213,980206,4
981453,981213,981209,4
982444,982213,982209,4
983441,983213,983209,4
984441,984213,984208,4
985430,985213,985206,4
986430,986213,986205,4
987426,987213,987203,4
988444,988213,988204,4
989434,989213,989203,4
990443,990213,990204,4
991430,991213,991203,4
992430,992213,992202,4
993435,993213,993202,4
994432,994213,994201,4
995430,995213,995200,4
996435,996213,996201,4
997452,997213,997204,4
998427,998213,998202,4
999433,999213,999202,4
1000441,1000213,1000203,4
1001438,1001213,1001203,4
1002443,1002213,1002204,4
1003432,1003213,1003203,4
1004449,1004213,1004205,4
1005450,1005213,1005207,4
1006432,1006213,1006206,4
1007453,1007213,1007208,4
1008432,1008213,1008206,4
1009434,1009213,1009205,4
1010434,1010213,1010205,4
1011424,1011213,1011202,4
1012423,1012213,1012200,4
1013421,1013213,1013198,4
1014434,1014212,1014198,4
1015433,1015212,1015198,4
1016443,1016212,1016200,4
1017447,1017212,1017203,4
1018452,1018212,1018205,4
1019433,1019212,1019193,5
1020451,1020212,1020194,5
1021443,1021212,1021195,5
1022433,1022212,1022194,5
1023460,1023212,1023197,5
1024440,1024212,1024197,5
1025429,1025212,1025195,5
1026432,1026212,1026193,5
1027462,1027212,1027197,5
1028436,1028212,1028196,5
1029454,1029212,1029198,5
1030436,1030212,1030197,5
1031431,1031212,1031195,5
1032451,1032212,1032197,5
1033440,1033212,1033196,5
1034440,1034212,1034196,5
1035451,1035212,1035197,5
1036440,1036212,1036197,5
1037431,1037212,1037195,5
1038435,1038212,1038194,5
1039452,1039212,1039196,5
1040432,1040212,1040195,5
1041440,1041212,1041195,5
1042447,1042212,1042196,5
1043427,1043212,1043194,5
1044439,1044212,1044194,5
1045441,1045212,1045194,5
1046432,1046212,1046193,5
1047444,1047212,1047194,5
1048436,1048212,1048193,5
1049446,1049212,1049194,5
1050438,1050212,1050194,5
1051439,1051212,1051194,5
1052441,1052212,1052194,5
1053441,1053212,1053194,5
1054434,1054212,1054193,5
1055433,1055212,1055193,5
1056437,1056212,1056192,5
1057427,1057212,1057191,5
1058432,1058212,1058190,5
1059451,1059212,1059192,5
1060435,1060212,1060192,5
1061426,1061212,1061190,5
1062439,1062212,1062191,5
1063450,1063212,1063193,5
1064426,1064212,1064191,5
1065442,1065212,1065192,5
1066438,1066212,1066192,5
1067426,1067212,1067190,5
1068426,1068212,1068189,5
1069458,1069211,1069192,5
1070460,1070211,1070196,5
1071462,1071211,1071199,5
1072440,1072211,1072198,5
1073436,1073211,1073197,5
1074439,1074211,1074197,5
1075425,1075211,1075194,5
1076428,1076211,1076192,5
1077430,1077211,1077191,5
1078425,1078211,1078189,5
1079428,1079211,1079188,5
1080428,1080211,1080187,5
1081434,1081211,1081187,5
1082430,1082211,1082187,5
1083463,1083211,1083192,5
1084451,1084211,1084206,4
1085422,1085211,1085203,4
1086449,1086211,1086205,4
1087428,1087211,1087203,4
1088419,1088211,1088200,4
1089423,1089211,1089198,4
1090430,1090211,1090198,4
1091430,1091211,1091198,4
1092430,1092211,1092198,4
1093431,1093211,1093198,4
1094420,1094211,1094196,4
1095431,1095211,1095196,4
1096433,1096211,1096197,4
1097428,1097211,1097196,4
1098421,1098211,1098195,4
1099429,1099211,1099195,4
1100428,1100211,1100195,4
1101422,1101211,1101194,4
1102431,1102211,1102194,4
1103436,1103211,1103183,5
1104451,1104211,1104187,5
1105451,1105211,1105189,5
1106443,1106211,1106191,5
1107456,1107211,1107194,5
1108435,1108211,1108193,5
1109438,1109211,1109193,5
1110447,1110211,1110194,5
1111437,1111211,1111194,5
1112459,1112211,1112197,5
1113460,1113211,1113199,5
1114440,1114211,1114199,5
1115439,1115211,1115198,5
1116434,1116211,1116196,5
1117448,1117211,1117197,5
1118428,1118211,1118195,5
1119435,1119211,1119194,5
1120431,1120211,1120193,5
1121428,1121211,1121191,5
1122436,1122211,1122191,5
1123439,1123210,1123192,5
1124452,1124210,1124194,5
1125438,1125210,1125194,5
1126446,1126210,1126195,5
1127448,1127210,1127196,5
1128456,1128210,1128198,5
1129448,1129210,1129199,5
1130435,1130210,1130197,5
1131456,1131210,1131199,5
1132425,1132210,1132196,5
1133443,1133210,1133197,5
1134430,1134210,1134195,5
1135434,1135210,1135194,5
1136437,1136210,1136193,5
1137435,1137210,1137193,5
1138445,1138210,1138194,5
1139438,1139210,1139194,5
1140426,1140210,1140192,5
1141435,1141210,1141191,5
1142447,1142210,1142193,5
1143434,1143210,1143192,5
1144437,1144210,1144192,5
1145446,1145210,1145193,5
1146435,1146210,1146193,5
1147447,1147210,1147194,5
1148435,1148210,1148193,5
1149435,1149210,1149193,5
1150448,1150210,1150194,5
1151436,1151210,1151194,5
1152436,1152210,1152193,5
1153428,1153210,1153192,5
1154435,1154210,1154191,5
1155449,1155210,1155193,5
1156436,1156210,1156193,5
1157432,1157210,1157192,5
1158422,1158210,1158189,5
1159432,1159210,1159189,5
1160425,1160210,1160188,5
1161437,1161210,1161188,5
1162443,1162210,1162190,5
1163424,1163210,1163188,5
1164423,1164210,1164186,5
1165422,1165210,1165185,5
1166434,1166210,1166185,5
1167425,1167210,1167184,5
1168432,1168210,1168185,5
1169433,1169210,1169185,5
1170434,1170210,1170186,5
1171443,1171210,1171188,5
1172432,1172210,1172187,5
1173432,1173210,1173187,5
1174422,1174210,1174186,5
1175430,1175210,1175185,5
1176433,1176210,1176186,5
1177441,1177210,1177187,5
1178431,1178209,1178187,5
1179453,1179209,1179190,5
1180440,1180209,1180191,5
1181433,1181209,1181190,5
1182423,1182209,1182188,5
1183424,1183209,1183187,5
1184424,1184209,1184186,5
1185446,1185209,1185188,5
1186424,1186209,1186186,5
1187434,1187209,1187187,5
1188433,1188209,1188187,5
1189441,1189209,1189188,5
1190432,1190209,1190188,5
1191448,1191209,1191190,5
1192447,1192209,1192192,5
1193447,1193209,1193193,5
1194427,1194209,1194192,5
1195429,1195209,1195190,5
1196443,1196209,1196191,5
1197436,1197209,1197191,5
1198444,1198209,1198192,5
1199443,1199209,1199193,5
1200424,1200209,1200191,5
1201434,1201209,1201191,5
1202442,1202209,1202191,5
1203434,1203209,1203191,5
1204444,1204209,1204192,5
1205444,1205209,1205193,5
1206428,1206209,1206191,5
1207415,1207209,1207188,5
1208428,1208209,1208187,5
1209438,1209209,1209188,5
1210433,1210209,1210188,5
1211433,1211209,1211188,5
1212425,1212209,1212187,5
1213432,1213209,1213187,5
1214434,1214209,1214187,5
1215442,1215209,1215188,5
1216435,1216209,1216189,5
1217437,1217209,1217189,5
1218455,1218209,1218192,5
1219434,1219209,1219192,5
1220432,1220209,1220191,5
1221421,1221209,1221188,5
1222422,1222209,1222187,5
1223448,1223209,1223189,5
1224443,1224209,1224190,5
1225424,1225209,1225189,5
1226422,1226209,1226187,5
1227422,1227209,1227185,5
1228418,1228209,1228183,5
1229419,1229209,1229182,5
1230452,1230209,1230186,5
1231429,1231209,1231185,5
1232434,1232209,1232186,5
1233444,1233208,1233188,5
1234426,1234208,1234187,5
1235438,1235208,1235187,5
1236429,1236208,1236187,5
1237434,1237208,1237187,5
1238433,1238208,1238187,5
1239445,1239208,1239189,5
1240426,1240208,1240188,5
1241426,1241208,1241187,5
1242422,1242208,1242185,5
1243422,1243208,1243184,5
1244422,1244208,1244194,4
1245433,1245208,1245195,4
1246414,1246208,1246193,4
1247416,1247208,1247191,4
1248416,1248208,1248189,4
1249412,1249208,1249187,4
1250421,1250208,1250187,4
1251433,1251208,1251190,4
1252432,1252208,1252191,4
1253421,1253208,1253190,4
1254414,1254208,1254189,4
1255421,1255208,1255189,4
1256422,1256208,1256189,4
1257413,1257208,1257187,4
1258412,1258208,1258186,4
1259414,1259208,1259185,4
1260443,1260208,1260189,4
1261421,1261208,1261189,4
1262423,1262208,1262189,4
1263417,1263208,1263188,4
1264435,1264208,1264190,4
1265440,1265208,1265193,4
1266421,1266208,1266192,4
1267417,1267208,1267191,4
1268410,1268208,1268188,4
1269431,1269208,1269190,4
1270428,1270208,1270191,4
1271431,1271208,1271192,4
1272419,1272208,1272191,4
1273418,1273208,1273190,4
1274418,1274208,1274189,4
1275435,1275208,1275191,4
1276419,1276208,1276190,4
1277422,1277208,1277190,4
1278420,1278208,1278189,4
1279419,1279208,1279189,4
1280412,1280208,1280187,4
1281421,1281208,1281187,4
1282415,1282208,1282186,4
1283429,1283208,1283188,4
1284417,1284208,1284187,4
1285437,1285208,1285190,4
1286419,1286208,1286189,4
1287440,1287207,1287192,4
1288417,1288207,1288191,4
1289430,1289207,1289192,4
1290431,1290207,1290193,4
1291420,1291207,1291192,4
1292436,1292207,1292193,4
1293422,1293207,1293193,4
1294440,1294207,1294195,4
1295420,1295207,1295194,4
1296419,1296207,1296192,4
1297418,1297207,1297191,4
1298438,1298207,1298193,4
1299419,1299207,1299192,4
1300413,1300207,1300190,4
1301409,1301207,1301187,4
1302418,1302207,1302187,4
1303421,1303207,1303187,4
1304433,1304207,1304189,4
1305424,1305207,1305189,4
1306419,1306207,1306189,4
1307428,1307207,1307190,4
1308416,1308207,1308188,4
1309416,1309207,1309187,4
1310411,1310207,1310186,4
1311437,1311207,1311189,4
1312432,1312207,1312200,3
1313407,1313207,1313196,3
1314433,1314207,1314189,4
1315442,1315207,1315193,4
1316412,1316207,1316199,3
1317410,1317207,1317196,3
1318398,1318207,1318192,3
1319403,1319207,1319200,2
1320402,1320207,1320199,2
1321397,1321207,1321197,2
1322408,1322207,1322197,2
1323408,1323207,1323196,2
1324417,1324207,1324197,2
1325409,1325207,1325196,2
1326409,1326207,1326196,2
1327399,1327207,1327195,2
1328410,1328207,1328195,2
1329410,1329207,1329195,2
1330416,1330207,1330195,2
1331394,1331207,1331193,2
1332395,1332207,1332192,2
1333395,1333207,1333190,2
1334391,1334207,1334188,2
1335394,1335207,1335187,2
1336412,1336207,1336188,2
1337400,1337207,1337188,2
1338401,1338207,1338188,2
1339397,1339207,1339187,2
1340404,1340207,1340187,2
1341416,1341207,1341189,2
1342395,1342207,1342188,2
1343395,1343207,1343187,2
1344398,1344207,1344186,2
1345407,1345207,1345187,2
1346405,1346207,1346187,2
1347407,1347207,1347188,2
1348394,1348207,1348187,2
1349411,1349207,1349188,2
1350421,1350207,1350190,2
1351413,1351207,1351191,2
1352392,1352207,1352189,2
1353403,1353207,1353189,2
1354392,1354207,1354187,2
1355392,1355207,1355186,2
1356411,1356207,1356187,2
1357425,1357207,1357190,2
1358405,1358207,1358190,2
1359426,1359207,1359192,2
1360396,1360207,1360191,2
1361416,1361207,1361192,2
1362401,1362207,1362191,2
1363392,1363207,1363189,2
1364387,1364207,1364198,1
1365414,1365207,1365199,1
1366410,1366207,1366199,1
1367400,1367207,1367199,1
1368402,1368207,1368199,1
1369416,1369207,1369200,1
1370379,1370207,1370203,0
1371407,1371207,1371203,0
1372412,1372207,1372189,2
1373406,1373207,1373189,2
1374396,1374207,1374188,2
1375397,1375207,1375187,2
1376395,1376207,1376186,2
1377414,1377207,1377188,2
1378422,1378207,1378190,2
1379404,1379207,1379190,2
1380414,1380207,1380191,2
1381416,1381207,1381192,2
1382424,1382207,1382194,2
1383405,1383207,1383194,2
1384394,1384207,1384192,2
1385402,1385207,1385191,2
1386392,1386207,1386189,2
1387400,1387207,1387189,2
1388403,1388207,1388189,2
1389405,1389207,1389189,2
1390406,1390207,1390189,2
1391415,1391207,1391190,2
1392423,1392207,1392192,2
1393398,1393207,1393191,2
1394394,1394207,1394190,2
1395406,1395207,1395190,2
1396395,1396207,1396188,2
1397415,1397207,1397190,2
1398395,1398207,1398189,2
1399424,1399207,1399191,2
1400414,1400207,1400192,2
1401425,1401207,1401194,2
1402394,1402207,1402192,2
1403404,1403207,1403192,2
1404426,1404207,1404194,2
1405394,1405207,1405192,2
1406405,1406207,1406182,3
1407409,1407207,1407183,3
1408402,1408207,1408191,2
1409404,1409207,1409191,2
1410425,1410207,1410193,2
1411406,1411207,1411193,2
1412416,1412207,1412194,2
1413427,1413207,1413196,2
1414415,1414207,1414196,2
1415406,1415207,1415195,2
1416413,1416207,1416196,2
1417401,1417207,1417194,2
1418405,1418207,1418194,2
1419425,1419207,1419196,2
1420406,1420207,1420195,2
1421405,1421207,1421194,2
1422427,1422207,1422197,2
1423417,1423207,1423197,2
1424403,1424207,1424196,2
1425407,1425207,1425195,2
1426408,1426207,1426205,1
1427395,1427207,1427204,1
1428397,1428207,1428202,1
1429399,1429207,1429202,1
1430397,1430207,1430201,1
1431408,1431207,1431191,2
1432405,1432207,1432191,2
1433404,1433207,1433190,2
1434397,1434207,1434200,1
1435399,1435207,1435199,1
1436403,1436207,1436189,2
1437406,1437207,1437189,2
1438399,1438207,1438188,2
1439414,1439207,1439190,2
1440396,1440207,1440188,2
1441397,1441207,1441188,2
1442396,1442207,1442187,2
1443405,1443207,1443187,2
1444408,1444207,1444198,1
1445396,1445207,1445197,1
1446398,1446207,1446196,1
1447398,1447207,1447196,1
1448415,1448207,1448197,1
1449400,1449207,1449197,1
1450388,1450207,1450196,1
1451395,1451207,1451195,1
1452398,1452207,1452195,1
1453396,1453207,1453194,1
1454395,1454207,1454194,1
1455408,1455207,1455195,1
1456397,1456207,1456194,1
1457388,1457207,1457193,1
1458406,1458207,1458194,1
1459398,1459207,1459194,1
1460389,1460207,1460193,1
1461389,1461207,1461192,1
1462387,1462207,1462191,1
1463387,1463207,1463190,1
1464388,1464207,1464189,1
1465419,1465207,1465192,1
1466387,1466207,1466190,1
1467396,1467207,1467190,1
1468398,1468207,1468191,1
1469388,1469207,1469190,1
1470417,1470207,1470192,1
1471387,1471207,1471191,1
1472409,1472207,1472192,1
1473418,1473207,1473194,1
1474397,1474207,1474194,1
1475399,1475207,1475194,1
1476396,1476207,1476194,1
1477398,1477207,1477194,1
1478388,1478207,1478192,1
1479399,1479207,1479193,1
1480388,1480207,1480191,1
1481387,1481207,1481190,1
1482385,1482207,1482189,1
1483386,1483207,1483188,1
1484386,1484207,1484187,1
1485389,1485207,1485187,1
1486389,1486207,1486187,1
1487387,1487207,1487186,1
1488416,1488207,1488189,1
1489419,1489207,1489191,1
1490387,1490207,1490190,1
1491397,1491207,1491190,1
1492388,1492207,1492190,1
1493407,1493207,1493191,1
1494397,1494207,1494191,1
1495397,1495207,1495191,1
1496397,1496207,1496191,1
1497400,1497207,1497191,1
1498397,1498207,1498191,1
1499395,1499207,1499191,1
1500397,1500207,1500191,1
1501388,1501207,1501190,1
1502386,1502207,1502189,1
1503407,1503207,1503191,1
1504387,1504207,1504190,1
1505386,1505207,1505189,1
1506387,1506207,1506188,1
1507407,1507207,1507189,1
1508386,1508207,1508188,1
1509416,1509207,1509191,1
1510398,1510207,1510191,1
1511408,1511207,1511192,1
1512416,1512207,1512194,1
1513408,1513207,1513195,1
1514387,1514207,1514194,1
1515417,1515207,1515195,1
1516417,1516207,1516197,1
1517407,1517207,1517198,1
1518396,1518207,1518197,1
1519396,1519207,1519196,1
1520397,1520207,1520196,1
1521396,1521207,1521195,1
1522396,1522207,1522195,1
1523396,1523207,1523194,1
1524397,1524207,1524194,1
1525387,1525207,1525193,1
1526397,1526207,1526192,1
1527402,1527207,1527193,1
1528407,1528207,1528194,1
1529398,1529207,1529194,1
1530396,1530207,1530193,1
1531397,1531207,1531193,1
1532388,1532207,1532192,1
1533418,1533207,1533194,1
1534417,1534207,1534196,1
1535398,1535207,1535196,1
1536399,1536207,1536195,1
1537396,1537207,1537195,1
1538387,1538207,1538193,1
1539398,1539207,1539193,1
1540387,1540207,1540192,1
1541395,1541207,1541192,1
1542386,1542207,1542191,1
1543408,1543207,1543192,1
1544407,1544207,1544193,1
1545398,1545207,1545193,1
1546408,1546207,1546194,1
1547386,1547207,1547192,1
1548411,1548207,1548194,1
1549417,1549207,1549196,1
1550389,1550207,1550194,1
1551405,1551207,1551195,1
1552406,1552207,1552196,1
1553389,1553207,1553194,1
1554415,1554207,1554196,1
1555386,1555207,1555194,1
1556397,1556207,1556194,1
1557405,1557207,1557195,1
1558398,1558207,1558194,1
1559399,1559207,1559194,1
1560396,1560207,1560194,1
1561410,1561207,1561195,1
1562400,1562207,1562195,1
1563391,1563207,1563194,1
1564398,1564207,1564194,1
1565400,1565207,1565194,1
1566387,1566207,1566193,1
1567417,1567207,1567195,1
1568390,1568207,1568193,1
1569396,1569207,1569193,1
1570414,1570207,1570195,1
1571416,1571207,1571196,1
1572393,1572207,1572196,1
1573416,1573207,1573197,1
1574395,1574207,1574196,1
1575415,1575207,1575198,1
1576396,1576207,1576197,1
1577395,1577207,1577196,1
1578414,1578207,1578197,1
1579395,1579207,1579197,1
1580394,1580207,1580196,1
1581423,1581207,1581189,2
1582427,1582207,1582192,2
1583410,1583207,1583192,2
1584406,1584207,1584192,2
1585406,1585207,1585192,2
1586418,1586207,1586193,2
1587400,1587207,1587192,2
1588394,1588207,1588190,2
1589413,1589207,1589191,2
1590422,1590207,1590193,2
1591394,1591207,1591191,2
1592407,1592207,1592191,2
1593398,1593207,1593190,2
1594414,1594207,1594191,2
1595408,1595207,1595191,2
1596408,1596207,1596192,2
1597406,1597207,1597191,2
1598407,1598207,1598191,2
1599402,1599207,1599191,2
1600406,1600207,1600191,2
1601404,1601207,1601191,2
1602404,1602207,1602190,2
1603404,1603207,1603190,2
1604402,1604207,1604190,2
1605424,1605207,1605192,2
1606422,1606207,1606194,2
1607404,1607207,1607193,2
1608404,1608207,1608192,2
1609418,1609207,1609194,2
1610394,1610207,1610192,2
1611396,1611207,1611190,2
1612398,1612207,1612190,2
1613406,1613207,1613190,2
1614398,1614207,1614189,2
1615408,1615207,1615189,2
1616408,1616207,1616190,2
1617414,1617207,1617191,2
1618407,1618207,1618191,2
1619405,1619207,1619191,2
1620417,1620207,1620192,2
1621422,1621207,1621194,2
1622406,1622207,1622193,2
1623417,1623207,1623194,2
1624401,1624207,1624193,2
1625423,1625207,1625188,3
1626395,1626207,1626184,3
1627408,1627207,1627184,3
1628405,1628207,1628183,3
1629429,1629207,1629187,3
1630409,1630207,1630187,3
1631428,1631207,1631190,3
1632410,1632207,1632189,3
1633396,1633207,1633186,3
1634404,1634207,1634185,3
1635399,1635207,1635183,3
1636409,1636207,1636183,3
1637427,1637207,1637187,3
1638404,1638207,1638185,3
1639424,1639207,1639188,3
1640431,1640207,1640191,3
1641435,1641207,1641195,3
1642413,1642207,1642194,3
1643411,1643207,1643192,3
1644411,1644207,1644191,3
1645410,1645207,1645190,3
1646401,1646207,1646188,3
1647423,1647207,1647190,3
1648402,1648207,1648187,3
1649430,1649207,1649191,3
1650402,1650207,1650188,3
1651401,1651207,1651186,3
1652410,1652207,1652186,3
1653413,1653207,1653186,3
1654401,1654207,1654185,3
1655405,1655207,1655184,3
1656414,1656207,1656185,3
1657394,1657207,1657193,2
1658402,1658207,1658192,2
1659404,1659207,1659192,2
1660403,1660207,1660191,2
1661393,1661207,1661190,2
1662394,1662207,1662189,2
1663417,1663207,1663183,3
1664414,1664207,1664184,3
1665436,1665207,1665190,3
1666415,1666207,1666190,3
1667426,1667207,1667192,3
1668402,1668207,1668189,3
1669412,1669207,1669189,3
1670412,1670207,1670189,3
1671424,1671207,1671191,3
1672404,1672207,1672189,3
1673417,1673207,1673189,3
1674407,1674207,1674188,3
1675408,1675207,1675187,3
1676417,1676207,1676188,3
1677411,1677207,1677188,3
1678408,1678207,1678187,3
1679414,1679207,1679188,3
1680406,1680207,1680186,3
1681415,1681207,1681187,3
1682406,1682207,1682186,3
1683426,1683207,1683189,3
1684421,1684207,1684190,3
1685412,1685207,1685190,3
1686436,1686207,1686194,3
1687415,1687207,1687193,3
1688406,1688207,1688191,3
1689433,1689207,1689194,3
1690426,1690207,1690196,3
1691415,1691207,1691195,3
1692405,1692207,1692192,3
1693405,1693207,1693190,3
1694415,1694207,1694190,3
1695430,1695207,1695193,3
1696408,1696207,1696191,3
1697418,1697207,1697192,3
1698406,1698207,1698190,3
1699409,1699207,1699189,3
1700417,1700207,1700189,3
1701409,1701207,1701189,3
1702417,1702207,1702189,3
1703427,1703207,1703192,3
1704405,1704207,1704190,3
1705415,1705207,1705190,3
1706436,1706207,1706194,3
1707428,1707207,1707196,3
1708426,1708207,1708197,3
1709407,1709207,1709194,3
1710435,1710207,1710197,3
1711425,1711207,1711198,3
1712414,1712207,1712196,3
1713407,1713207,1713194,3
1714404,1714207,1714191,3
1715410,1715207,1715190,3
1716422,1716207,1716191,3
1717402,1717207,1717189,3
1718414,1718207,1718189,3
1719416,1719207,1719189,3
1720404,1720207,1720188,3
1721432,1721207,1721191,3
1722409,1722207,1722190,3
1723411,1723207,1723189,3
1724412,1724207,1724189,3
1725405,1725207,1725187,3
1726433,1726207,1726191,3
1727409,1727207,1727190,3
1728411,1728207,1728189,3
1729407,1729207,1729188,3
1730414,1730207,1730188,3
1731424,1731207,1731190,3
1732419,1732207,1732191,3
1733412,1733207,1733191,3
1734413,1734207,1734190,3
1735414,1735207,1735190,3
1736418,1736207,1736191,3
1737438,1737207,1737195,3
1738413,1738207,1738194,3
1739416,1739207,1739193,3
1740422,1740207,1740194,3
1741410,1741207,1741192,3
1742414,1742207,1742192,3
1743425,1743207,1743194,3
1744416,1744207,1744193,3
1745411,1745207,1745192,3
1746434,1746207,1746195,3
1747421,1747207,1747186,4
1748437,1748207,1748196,4
1749429,1749207,1749196,4
1750436,1750207,1750197,4
1751428,1751207,1751197,4
1752429,1752207,1752196,4
1753427,1753207,1753196,4
1754436,1754207,1754197,4
1755447,1755207,1755200,4
1756438,1756207,1756201,4
1757431,1757207,1757200,4
1758412,1758207,1758196,4
1759430,1759207,1759196,4
1760424,1760207,1760195,4
1761434,1761207,1761196,4
1762422,1762207,1762195,4
1763430,1763207,1763195,4
1764429,1764207,1764195,4
1765450,1765207,1765199,4
1766433,1766207,1766199,4
1767443,1767207,1767201,4
1768423,1768207,1768199,4
1769433,1769207,1769199,4
1770430,1770207,1770199,4
1771431,1771207,1771198,4
1772439,1772207,1772200,4
1773431,1773207,1773199,4
1774430,1774207,1774199,4
1775432,1775207,1775199,4
1776442,1776207,1776200,4
1777421,1777207,1777198,4
1778422,1778207,1778197,4
1779433,1779207,1779197,4
1780419,1780207,1780195,4
1781428,1781206,1781195,4
1782446,1782206,1782198,4
1783436,1783206,1783199,4
1784450,1784206,1784202,4
1785428,1785206,1785201,4
1786434,1786206,1786201,4
1787415,1787206,1787197,4
1788434,1788206,1788186,5
1789436,1789206,1789186,5
1790436,1790206,1790187,5
1791455,1791206,1791190,5
1792436,1792206,1792190,5
1793432,1793206,1793190,5
1794450,1794206,1794192,5
1795416,1795206,1795189,5
1796440,1796206,1796190,5
1797439,1797206,1797190,5
1798420,1798206,1798188,5
1799420,1799206,1799186,5
1800426,1800206,1800185,5
1801425,1801206,1801184,5
1802423,1802206,1802183,5
1803448,1803206,1803186,5
1804430,1804206,1804186,5
1805450,1805206,1805189,5
1806431,1806206,1806188,5
1807429,1807206,1807187,5
1808442,1808206,1808189,5
1809443,1809206,1809190,5
1810421,1810206,1810188,5
1811420,1811206,1811186,5
1812432,1812206,1812186,5
1813444,1813206,1813188,5
1814434,1814206,1814188,5
1815456,1815206,1815191,5
1816436,1816206,1816191,5
1817434,1817206,1817191,5
1818434,1818206,1818191,5
1819427,1819206,1819189,5
1820433,1820206,1820189,5
1821447,1821206,1821191,5
1822441,1822206,1822204,4
1823418,1823206,1823200,4
1824424,1824206,1824198,4
1825415,1825206,1825195,4
1826441,1826206,1826198,4
1827440,1827206,1827199,4
1828431,1828206,1828199,4
1829416,1829206,1829196,4
1830415,1830206,1830193,4
1831415,1831206,1831191,4
1832418,1832206,1832190,4
1833434,1833206,1833192,4
1834438,1834206,1834194,4
1835448,1835206,1835198,4
1836452,1836205,1836201,4
1837443,1837205,1837203,4
1838427,1838205,1838201,4
1839449,1839205,1839204,4
1840431,1840205,1840203,4
1841421,1841205,1841200,4
1842431,1842205,1842200,4
1843437,1843205,1843188,5
1844429,1844205,1844187,5
1845461,1845205,1845192,5
1846460,1846205,1846195,5
1847457,1847205,1847197,5
1848436,1848205,1848196,5
1849456,1849205,1849198,5
1850427,1850205,1850196,5
1851438,1851205,1851195,5
1852437,1852205,1852195,5
1853433,1853205,1853194,5
1854447,1854205,1854195,5
1855431,1855205,1855193,5
1856442,1856205,1856194,5
1857444,1857205,1857195,5
1858426,1858205,1858192,5
1859430,1859205,1859191,5
1860426,1860205,1860190,5
1861435,1861205,1861190,5
1862422,1862205,1862199,4
1863441,1863205,1863201,4
1864419,1864205,1864198,4
1865449,1865205,1865188,5
1866425,1866205,1866187,5
1867443,1867205,1867189,5
1868433,1868205,1868188,5
1869452,1869205,1869191,5
1870457,1870205,1870194,5
1871436,1871205,1871194,5
1872432,1872205,1872193,5
1873420,1873205,1873201,4
1874427,1874205,1874200,4
1875438,1875205,1875201,4
1876427,1876205,1876199,4
1877428,1877205,1877199,4
1878451,1878205,1878202,4
1879430,1879205,1879201,4
1880429,1880205,1880200,4
1881452,1881205,1881203,4
1882429,1882205,1882202,4
1883424,1883205,1883200,4
1884420,1884205,1884198,4
1885423,1885205,1885196,4
1886428,1886205,1886196,4
1887424,1887205,1887195,4
1888431,1888205,1888195,4
1889430,1889205,1889196,4
1890431,1890205,1890196,4
1891441,1891204,1891198,4
1892435,1892204,1892186,5
1893443,1893204,1893188,5
1894429,1894204,1894187,5
1895449,1895204,1895190,5
1896455,1896204,1896193,5
1897437,1897204,1897193,5
1898435,1898204,1898192,5
1899458,1899204,1899195,5
1900436,1900204,1900194,5
1901457,1901204,1901197,5
1902456,1902204,1902199,5
1903435,1903204,1903198,5
1904431,1904204,1904196,5
1905431,1905204,1905194,5
1906446,1906204,1906195,5
1907437,1907204,1907195,5
1908429,1908204,1908193,5
1909439,1909204,1909193,5
1910430,1910204,1910192,5
1911459,1911204,1911195,5
1912438,1912204,1912195,5
1913449,1913204,1913196,5
1914436,1914204,1914195,5
1915428,1915204,1915193,5
1916428,1916204,1916192,5
1917448,1917204,1917193,5
1918449,1918204,1918195,5
1919428,1919204,1919193,5
1920446,1920204,1920194,5
1921458,1921204,1921197,5
1922436,1922204,1922196,5
1923459,1923204,1923199,5
1924437,1924204,1924198,5
1925428,1925204,1925195,5
1926426,1926204,1926193,5
1927428,1927204,1927191,5
1928437,1928204,1928191,5
1929431,1929204,1929190,5
1930457,1930204,1930194,5
1931447,1931204,1931195,5
1932436,1932204,1932194,5
1933457,1933204,1933197,5
1934429,1934204,1934195,5
1935458,1935204,1935198,5
1936446,1936204,1936198,5
1937426,1937204,1937195,5
1938436,1938204,1938195,5
1939435,1939204,1939194,5
1940426,1940204,1940192,5
1941459,1941204,1941195,5
1942436,1942204,1942194,5
1943434,1943204,1943193,5
1944457,1944204,1944196,5
1945439,1945203,1945196,5
1946436,1946203,1946195,5
1947450,1947203,1947196,5
1948459,1948203,1948199,5
1949437,1949203,1949198,5
1950426,1950203,1950195,5
1951445,1951203,1951196,5
1952445,1952203,1952196,5
1953440,1953203,1953196,5
1954434,1954203,1954195,5
1955447,1955203,1955196,5
1956457,1956203,1956198,5
1957427,1957203,1957196,5
1958435,1958203,1958195,5
1959437,1959203,1959194,5
1960437,1960203,1960194,5
1961436,1961203,1961193,5
1962455,1962203,1962196,5
1963435,1963203,1963195,5
1964425,1964203,1964193,5
1965458,1965203,1965196,5
1966427,1966203,1966193,5
1967436,1967203,1967193,5
1968426,1968203,1968191,5
1969436,1969203,1969191,5
1970426,1970203,1970189,5
1971432,1971203,1971189,5
1972447,1972203,1972191,5
1973430,1973203,1973190,5
1974432,1974203,1974189,5
1975455,1975203,1975192,5
1976423,1976203,1976202,4
1977432,1977203,1977201,4
1978429,1978203,1978200,4
1979420,1979203,1979198,4
1980422,1980203,1980196,4
1981422,1981203,1981195,4
1982451,1982203,1982199,4
1983449,1983203,1983202,4
1984437,1984203,1984202,4
1985439,1985203,1985203,4
1986426,1986203,1986201,4
1987428,1987203,1987200,4
1988449,1988203,1988202,4
1989442,1989203,1989203,4
1990419,1990203,1990200,4
1991420,1991203,1991198,4
1992419,1992203,1992196,4
1993421,1993203,1993194,4
1994427,1994203,1994194,4
1995455,1995203,1995199,4
1996429,1996203,1996198,4
1997420,1997203,1997196,4
1998432,1998203,1998197,4
1999423,1999203,1999195,4
2000434,2000202,2000196,4
2001444,2001202,2001199,4
2002429,2002202,2002198,4
2003430,2003202,2003198,4
2004451,2004202,2004201,4
2005439,2005202,2005202,4
2006417,2006202,2006199,4
2007438,2007202,2007200,4
2008418,2008202,2008197,4
2009440,2009202,2009199,4
2010419,2010202,2010196,4
2011439,2011202,2011198,4
2012419,2012202,2012196,4
2013431,2013202,2013196,4
2014430,2014202,2014196,4
2015439,2015202,2015198,4
2016428,2016202,2016197,4
2017427,2017202,2017197,4
2018413,2018202,2018194,4
2019430,2019202,2019194,4
2020435,2020202,2020195,4
2021432,2021202,2021196,4
2022420,2022202,2022194,4
2023426,2023202,2023194,4
2024437,2024202,2024196,4
2025428,2025202,2025195,4
2026447,2026202,2026199,4
2027427,2027202,2027198,4
2028435,2028202,2028198,4
2029430,2029202,2029198,4
2030430,2030202,2030198,4
2031425,2031202,2031197,4
2032447,2032202,2032200,4
2033418,2033202,2033197,4
2034428,2034202,2034197,4
2035416,2035202,2035194,4
2036430,2036202,2036195,4
2037428,2037202,2037195,4
2038439,2038202,2038196,4
2039429,2039202,2039196,4
2040440,2040202,2040198,4
2041451,2041202,2041201,4
2042419,2042202,2042199,4
2043438,2043202,2043200,4
2044419,2044202,2044197,4
2045429,2045202,2045197,4
2046431,2046202,2046197,4
2047438,2047202,2047198,4
2048420,2048202,2048196,4
2049428,2049202,2049196,4
2050437,2050202,2050197,4
2051427,2051202,2051197,4
2052428,2052202,2052196,4
2053428,2053202,2053196,4
2054438,2054201,2054197,4
2055424,2055201,2055196,4
2056421,2056201,2056195,4
2057439,2057201,2057197,4
2058427,2058201,2058196,4
2059439,2059201,2059198,4
2060430,2060201,2060197,4
2061430,2061201,2061197,4
2062423,2062201,2062196,4
2063449,2063201,2063199,4
2064438,2064201,2064200,4
2065430,2065201,2065200,4
2066439,2066201,2066201,4
2067430,2067201,2067200,4
2068420,2068201,2068198,4
2069423,2069201,2069196,4
2070442,2070201,2070198,4
2071419,2071201,2071196,4
2072419,2072201,2072194,4
2073424,2073201,2073194,4
2074423,2074201,2074193,4
2075440,2075201,2075195,4
2076430,2076201,2076195,4
2077429,2077201,2077195,4
2078441,2078201,2078198,4
2079440,2079201,2079199,4
2080428,2080201,2080198,4
2081431,2081201,2081198,4
2082440,2082201,2082200,4
2083427,2083201,2083199,4
2084439,2084201,2084200,4
2085422,2085201,2085198,4
2086450,2086201,2086201,4
2087419,2087201,2087198,4
2088430,2088201,2088198,4
2089421,2089201,2089196,4
2090424,2090201,2090195,4
2091438,2091201,2091197,4
2092415,2092201,2092194,4
2093407,2093201,2093191,4
2094425,2094201,2094191,4
2095418,2095201,2095190,4
2096415,2096201,2096188,4
2097415,2097201,2097187,4
2098411,2098201,2098185,4
2099429,2099201,2099187,4
2100404,2100201,2100184,4
2101439,2101201,2101188,4
2102419,2102201,2102188,4
2103425,2103201,2103188,4
2104438,2104201,2104191,4
2105449,2105201,2105195,4
2106409,2106201,2106200,3
2107428,2107201,2107201,3
2108429,2108201,2108202,3
2109422,2109201,2109201,3
2110422,2110201,2110200,3
2111440,2111201,2111203,3
2112410,2112201,2112200,3
2113433,2113201,2113201,3
2114428,2114201,2114202,3
2115413,2115201,2115199,3
2116421,2116201,2116199,3
2117411,2117201,2117197,3
2118420,2118201,2118196,3
2119410,2119201,2119194,3
2120429,2120201,2120196,3
2121431,2121201,2121198,3
2122416,2122201,2122197,3
2123425,2123201,2123198,3
2124416,2124201,2124196,3
2125416,2125201,2125196,3
2126424,2126201,2126196,3
2127430,2127201,2127198,3
2128437,2128201,2128201,3
2129407,2129201,2129197,3
2130436,2130201,2130200,3
2131409,2131201,2131197,3
2132441,2132201,2132201,3
2133419,2133201,2133200,3
2134408,2134201,2134197,3
2135434,2135201,2135199,3
2136411,2136201,2136197,3
2137421,2137201,2137197,3
2138411,2138201,2138195,3
2139413,2139201,2139194,3
2140411,2140201,2140192,3
2141421,2141201,2141193,3
2142417,2142201,2142193,3
2143436,2143201,2143196,3
2144421,2144201,2144196,3
2145447,2145201,2145201,3
2146431,2146201,2146202,3
2147416,2147201,2147200,3
2148408,2148201,2148197,3
2149449,2149201,2149193,4
2150423,2150201,2150193,4
2151448,2151201,2151197,4
2152417,2152201,2152194,4
2153427,2153201,2153194,4
2154414,2154201,2154192,4
2155414,2155201,2155190,4
2156425,2156201,2156190,4
2157444,2157201,2157194,4
2158421,2158201,2158193,4
2159435,2159201,2159194,4
2160425,2160201,2160194,4
2161411,2161201,2161191,4
2162423,2162201,2162191,4
2163434,2163201,2163192,4
2164425,2164200,2164192,4
2165422,2165200,2165192,4
2166438,2166200,2166194,4
2167424,2167200,2167193,4
2168447,2168200,2168197,4
2169438,2169200,2169198,4
2170424,2170200,2170197,4
2171443,2171200,2171199,4
2172436,2172200,2172200,4
2173446,2173200,2173202,4
2174434,2174200,2174202,4
2175444,2175200,2175203,4
2176440,2176200,2176204,4
2177427,2177200,2177202,4
2178415,2178200,2178198,4
2179424,2179200,2179197,4
2180428,2180200,2180197,4
2181439,2181200,2181198,4
2182421,2182200,2182196,4
2183415,2183200,2183194,4
2184418,2184200,2184192,4
2185424,2185200,2185192,4
2186434,2186200,2186193,4
2187444,2187200,2187196,4
2188423,2188200,2188195,4
2189428,2189200,2189195,4
2190445,2190200,2190198,4
2191433,2191200,2191198,4
2192425,2192200,2192197,4
2193425,2193200,2193196,4
2194430,2194200,2194196,4
2195422,2195200,2195195,4
2196432,2196200,2196195,4
2197420,2197200,2197194,4
2198436,2198200,2198195,4
2199445,2199200,2199198,4
2200434,2200200,2200199,4
2201433,2201200,2201199,4
2202415,2202200,2202196,4
2203438,2203200,2203206,3
2204411,2204200,2204203,3
2205428,2205200,2205203,3
2206410,2206200,2206200,3
2207424,2207200,2207200,3
2208418,2208200,2208198,3
2209436,2209200,2209201,3
2210420,2210200,2210200,3
2211422,2211200,2211199,3
2212410,2212200,2212197,3
2213416,2213200,2213196,3
2214421,2214200,2214196,3
2215410,2215200,2215194,3
2216413,2216200,2216193,3
2217414,2217200,2217192,3
2218406,2218200,2218190,3
2219406,2219200,2219189,3
2220437,2220200,2220193,3
2221404,2221200,2221191,3
2222432,2222200,2222194,3
2223423,2223200,2223195,3
2224426,2224200,2224196,3
2225405,2225200,2225193,3
2226406,2226200,2226191,3
2227425,2227200,2227193,3
2228434,2228200,2228196,3
2229428,2229200,2229197,3
2230429,2230200,2230199,3
2231437,2231200,2231201,3
2232418,2232200,2232200,3
2233409,2233200,2233197,3
2234437,2234200,2234200,3
2235418,2235200,2235199,3
2236402,2236200,2236195,3
2237411,2237200,2237193,3
2238410,2238200,2238192,3
2239404,2239200,2239190,3
2240404,2240200,2240188,3
2241435,2241200,2241192,3
2242414,2242200,2242191,3
2243424,2243200,2243193,3
2244411,2244200,2244192,3
2245401,2245200,2245189,3
2246411,2246200,2246188,3
2247402,2247200,2247186,3
2248412,2248200,2248187,3
2249410,2249200,2249186,3
2250432,2250200,2250190,3
2251400,2251200,2251188,3
2252411,2252200,2252187,3
2253442,2253200,2253183,4
2254424,2254200,2254185,4
2255422,2255200,2255186,4
2256424,2256200,2256187,4
2257422,2257200,2257187,4
2258418,2258200,2258187,4
2259440,2259200,2259190,4
2260411,2260200,2260188,4
2261418,2261200,2261187,4
2262435,2262200,2262190,4
2263415,2263200,2263188,4
2264435,2264200,2264191,4
2265421,2265200,2265190,4
2266414,2266200,2266188,4
2267417,2267200,2267188,4
2268414,2268200,2268186,4
2269418,2269200,2269186,4
2270434,2270200,2270189,4
2271424,2271200,2271189,4
2272406,2272199,2272186,4
2273425,2273199,2273187,4
2274425,2274199,2274188,4
2275417,2275199,2275187,4
2276416,2276199,2276186,4
2277426,2277199,2277187,4
2278408,2278199,2278185,4
2279409,2279199,2279192,3
2280405,2280199,2280200,2
2281395,2281199,2281198,2
2282395,2282199,2282196,2
2283406,2283199,2283196,2
2284407,2284199,2284195,2
2285406,2285199,2285195,2
2286410,2286199,2286195,2
2287397,2287199,2287193,2
2288403,2288199,2288193,2
2289413,2289199,2289193,2
2290395,2290199,2290192,2
2291414,2291199,2291192,2
2292396,2292199,2292201,1
2293385,2293199,2293199,1
2294421,2294199,2294185,3
2295417,2295199,2295186,3
2296425,2296199,2296189,3
2297399,2297199,2297186,3
2298400,2298199,2298184,3
2299408,2299199,2299184,3
2300404,2300199,2300183,3
2301422,2301199,2301186,3
2302409,2302199,2302186,3
2303412,2303199,2303186,3
2304401,2304199,2304184,3
2305422,2305199,2305187,3
2306432,2306199,2306181,4
2307421,2307199,2307182,4
2308419,2308199,2308183,4
2309403,2309199,2309180,4
2310421,2310199,2310182,4
2311405,2311199,2311180,4
2312415,2312199,2312180,4
2313433,2313199,2313184,4
2314411,2314199,2314182,4
2315424,2315199,2315184,4
2316416,2316199,2316184,4
2317411,2317199,2317183,4
2318425,2318199,2318184,4
2319424,2319199,2319185,4
2320423,2320199,2320186,4
2321423,2321199,2321187,4
2322430,2322199,2322188,4
2323420,2323199,2323188,4
2324422,2324199,2324188,4
2325421,2325199,2325188,4
2326422,2326199,2326188,4
2327419,2327198,2327188,4
2328414,2328198,2328186,4
2329415,2329198,2329186,4
2330421,2330198,2330186,4
2331413,2331198,2331185,4
2332412,2332198,2332184,4
2333429,2333198,2333186,4
2334414,2334198,2334185,4
2335423,2335198,2335186,4
2336430,2336198,2336188,4
2337432,2337198,2337189,4
2338421,2338198,2338189,4
2339428,2339198,2339190,4
2340414,2340198,2340188,4
2341431,2341198,2341190,4
2342418,2342198,2342189,4
2343422,2343198,2343189,4
2344431,2344198,2344190,4
2345414,2345198,2345189,4
2346411,2346198,2346187,4
2347425,2347198,2347188,4
2348413,2348198,2348186,4
2349438,2349198,2349189,4
2350423,2350198,2350189,4
2351420,2351198,2351189,4
2352431,2352198,2352190,4
2353412,2353198,2353188,4
2354419,2354198,2354188,4
2355442,2355198,2355191,4
2356442,2356198,2356194,4
2357439,2357198,2357196,4
2358428,2358198,2358196,4
2359418,2359198,2359194,4
2360430,2360198,2360194,4
2361424,2361198,2361194,4
2362411,2362198,2362191,4
2363420,2363198,2363190,4
2364421,2364198,2364190,4
2365431,2365198,2365191,4
2366413,2366198,2366189,4
2367433,2367198,2367191,4
2368442,2368198,2368194,4
2369420,2369198,2369193,4
2370410,2370198,2370190,4
2371421,2371198,2371189,4
2372419,2372198,2372189,4
2373441,2373198,2373192,4
2374420,2374198,2374191,4
2375441,2375198,2375194,4
2376420,2376198,2376193,4
2377420,2377198,2377192,4
2378422,2378198,2378191,4
2379442,2379198,2379194,4
2380430,2380198,2380194,4
2381410,2381197,2381191,4
2382420,2382197,2382191,4
2383429,2383197,2383191,4
2384417,2384197,2384190,4
2385441,2385197,2385193,4
2386440,2386197,2386195,4
2387409,2387197,2387192,4
2388414,2388197,2388190,4
2389419,2389197,2389189,4
2390433,2390197,2390191,4
2391418,2391197,2391190,4
2392423,2392197,2392190,4
2393414,2393197,2393188,4
2394422,2394197,2394188,4
2395424,2395197,2395189,4
2396425,2396197,2396189,4
2397443,2397197,2397193,4
2398432,2398197,2398194,4
2399416,2399197,2399192,4
2400426,2400197,2400192,4
2401447,2401197,2401196,4
2402414,2402197,2402193,4
2403436,2403197,2403195,4
2404424,2404197,2404194,4
2405426,2405197,2405194,4
2406423,2406197,2406193,4
2407443,2407197,2407196,4
2408434,2408197,2408197,4
2409426,2409197,2409196,4
2410415,2410197,2410193,4
2411414,2411197,2411191,4
2412415,2412197,2412190,4
2413434,2413197,2413191,4
2414416,2414197,2414190,4
2415426,2415197,2415190,4
2416437,2416197,2416193,4
2417413,2417197,2417190,4
2418423,2418197,2418190,4
2419432,2419197,2419192,4
2420413,2420197,2420190,4
2421441,2421197,2421193,4
2422421,2422197,2422192,4
2423413,2423197,2423190,4
2424411,2424197,2424188,4
2425443,2425197,2425191,4
2426414,2426197,2426189,4
2427430,2427197,2427191,4
2428421,2428197,2428190,4
2429411,2429197,2429188,4
2430416,2430197,2430187,4
2431436,2431197,2431190,4
2432413,2432197,2432188,4
2433431,2433197,2433190,4
2434422,2434197,2434189,4
2435424,2435196,2435190,4
2436424,2436196,2436190,4
2437414,2437196,2437188,4
2438414,2438196,2438187,4
2439423,2439196,2439187,4
2440442,2440196,2440191,4
2441422,2441196,2441191,4
2442432,2442196,2442192,4
2443423,2443196,2443191,4
2444432,2444196,2444193,4
2445414,2445196,2445191,4
2446419,2446196,2446190,4
2447410,2447196,2447187,4
2448418,2448196,2448187,4
2449439,2449196,2449190,4
2450430,2450196,2450191,4
2451411,2451196,2451189,4
2452405,2452196,2452194,3
2453413,2453196,2453193,3
2454408,2454196,2454191,3
2455416,2455196,2455191,3
2456416,2456196,2456191,3
2457418,2457196,2457192,3
2458426,2458196,2458194,3
2459425,2459196,2459195,3
2460417,2460196,2460194,3
2461414,2461196,2461194,3
2462405,2462196,2462191,3
2463434,2463196,2463195,3
2464416,2464196,2464194,3
2465406,2465196,2465192,3
2466405,2466196,2466190,3
2467423,2467196,2467191,3
2468414,2468196,2468191,3
2469436,2469196,2469195,3
2470416,2470196,2470194,3
2471407,2471196,2471192,3
2472407,2472196,2472190,3
2473413,2473196,2473190,3
2474413,2474196,2474190,3
2475424,2475196,2475191,3
2476432,2476196,2476194,3
2477433,2477196,2477197,3
2478412,2478196,2478195,3
2479414,2479196,2479194,3
2480412,2480196,2480193,3
2481431,2481196,2481195,3
2482411,2482196,2482194,3
2483432,2483196,2483196,3
2484411,2484196,2484195,3
2485432,2485196,2485197,3
2486412,2486196,2486195,3
2487422,2487196,2487196,3
2488424,2488196,2488196,3
2489412,2489196,2489195,3
2490411,2490196,2490193,3
2491431,2491196,2491196,3
2492432,2492196,2492198,3
2493431,2493196,2493199,3
2494413,2494196,2494197,3
2495413,2495196,2495196,3
2496410,2496196,2496194,3
2497432,2497196,2497196,3
2498408,2498196,2498194,3
2499421,2499196,2499194,3
2500408,2500196,2500192,3
2501410,2501196,2501191,3
2502408,2502196,2502190,3
2503398,2503196,2503187,3
2504429,2504196,2504190,3
2505411,2505196,2505189,3
2506409,2506196,2506188,3
2507429,2507196,2507191,3
2508405,2508196,2508189,3
2509410,2509196,2509189,3
2510409,2510196,2510188,3
2511421,2511196,2511190,3
2512404,2512196,2512188,3
2513413,2513196,2513188,3
2514405,2514196,2514186,3
2515434,2515196,2515191,3
2516413,2516196,2516190,3
2517414,2517196,2517190,3
2518412,2518196,2518190,3
2519412,2519196,2519189,3
2520406,2520196,2520188,3
2521406,2521196,2521187,3
2522405,2522196,2522186,3
2523407,2523196,2523185,3
2524404,2524196,2524184,3
2525412,2525196,2525185,3
2526404,2526196,2526184,3
2527411,2527196,2527184,3
2528413,2528196,2528185,3
2529424,2529196,2529188,3
2530403,2530196,2530186,3
2531422,2531196,2531188,3
2532414,2532196,2532188,3
2533402,2533196,2533186,3
2534410,2534196,2534186,3
2535415,2535196,2535187,3
2536412,2536196,2536187,3
2537415,2537196,2537188,3
2538411,2538196,2538187,3
2539411,2539196,2539187,3
2540412,2540196,2540187,3
2541407,2541196,2541186,3
2542404,2542196,2542185,3
2543423,2543196,2543188,3
2544413,2544196,2544188,3
2545403,2545196,2545186,3
2546431,2546196,2546190,3
2547424,2547196,2547192,3
2548431,2548196,2548194,3
2549422,2549196,2549195,3
2550424,2550196,2550196,3
2551412,2551196,2551194,3
2552415,2552196,2552194,3
2553412,2553196,2553192,3
2554400,2554196,2554189,3
2555428,2555196,2555192,3
2556400,2556196,2556189,3
2557420,2557196,2557181,4
2558431,2558196,2558185,4
2559431,2559196,2559197,3
2560410,2560196,2560195,3
2561431,2561196,2561197,3
2562399,2562196,2562193,3
2563422,2563196,2563194,3
2564423,2564196,2564194,3
2565405,2565196,2565192,3
2566411,2566196,2566191,3
2567408,2567196,2567190,3
2568401,2568196,2568187,3
2569409,2569196,2569187,3
2570411,2570196,2570187,3
2571397,2571196,2571194,2
2572392,2572196,2572193,2
2573420,2573196,2573194,2
2574413,2574196,2574194,2
2575396,2575196,2575193,2
2576405,2576196,2576192,2
2577407,2577196,2577192,2
2578405,2578196,2578192,2
2579425,2579196,2579194,2
2580426,2580196,2580196,2
2581405,2581196,2581195,2
2582406,2582196,2582195,2
2583408,2583196,2583194,2
2584417,2584196,2584195,2
2585407,2585196,2585195,2
2586400,2586196,2586194,2
2587394,2587196,2587192,2
2588422,2588196,2588194,2
2589423,2589196,2589195,2
2590421,2590196,2590196,2
2591402,2591196,2591195,2
2592416,2592196,2592196,2
2593418,2593196,2593197,2
2594423,2594196,2594198,2
2595423,2595196,2595199,2
2596406,2596196,2596198,2
2597426,2597196,2597200,2
2598395,2598196,2598197,2
2599401,2599196,2599196,2
2600424,2600196,2600197,2
2601396,2601196,2601195,2
2602390,2602196,2602193,2
2603396,2603196,2603191,2
2604408,2604196,2604191,2
2605422,2605196,2605186,3
2606410,2606196,2606186,3
2607403,2607196,2607184,3
2608420,2608196,2608187,3
2609411,2609196,2609178,4
2610421,2610196,2610180,4
2611420,2611196,2611181,4
2612431,2612196,2612184,4
2613417,2613196,2613184,4
2614414,2614196,2614183,4
2615409,2615196,2615182,4
2616421,2616196,2616183,4
2617406,2617196,2617181,4
2618417,2618196,2618182,4
2619407,2619196,2619180,4
2620419,2620196,2620181,4
2621420,2621196,2621182,4
2622429,2622196,2622184,4
2623430,2623196,2623186,4
2624417,2624196,2624186,4
2625441,2625196,2625190,4
2626419,2626196,2626189,4
2627417,2627196,2627188,4
2628428,2628196,2628189,4
2629433,2629196,2629191,4
2630407,2630196,2630188,4
2631438,2631196,2631191,4
2632427,2632196,2632191,4
2633430,2633196,2633192,4
2634421,2634196,2634191,4
2635438,2635196,2635194,4