SerialTimeout
SerialTimeout
inconsistent 0,0
inconsistent 0,0
inconsistent 0,53352000
inconsistent 53353000,53353000
3554,3225,3273,7
4503,4225,4247,7
5494,5225,5235,7
6504,6225,6232,7
7522,7225,7234,7
8503,8225,8231,7
9527,9225,9234,7
10524,10225,10235,7
11474,11225,11228,7
12500,12225,12227,7
13510,13225,13227,7
14494,14225,14225,7
15479,15225,15221,7
16536,16225,16226,7
17494,17224,17224,7
18522,18224,18226,7
19512,19224,19227,7
20512,20224,20214,8
21547,21224,21220,8
22541,22224,22223,8
23511,23224,23222,8
24510,24224,24221,8
25512,25224,25221,8
26511,26224,26220,8
27492,27224,27217,8
28509,28224,28217,8
29499,29224,29215,8
30528,30224,30218,8
31527,31224,31220,8
32528,32224,32222,8
33492,33224,33218,8
34498,34224,34216,8
35510,35224,35216,8
36538,36224,36220,8
37539,37224,37223,8
38498,38224,38210,9
39521,39224,39211,9
40530,40224,40213,9
41502,41224,41211,9
42521,42224,42212,9
43498,43224,43209,9
44518,44224,44210,9
45521,45224,45211,9
46499,46224,46209,9
47513,47224,47209,9
48516,48224,48209,9
49491,49224,49206,9
50513,50224,50206,9
51507,51224,51206,9
52493,52224,52203,9
53489,53224,53201,9
54479,54224,54197,9
55471,55224,55193,9
56475,56224,56190,9
57477,57224,57187,9
58462,58224,58183,9
59474,59224,59181,9
60469,60224,60179,9
61473,61224,61177,9
62470,62224,62176,9
63488,63224,63187,8
64475,64224,64186,8
65480,65224,65186,8
66466,66224,66184,8
67457,67224,67194,7
68457,68224,68191,7
69459,69224,69208,6
70459,70224,70207,6
71476,71224,71208,6
72456,72224,72206,6
73455,73223,73204,6
74445,74223,74217,5
75469,75223,75230,4
76459,76223,76230,4
77466,77223,77230,4
78458,78223,78229,4
79439,79223,79225,4
80445,80223,80223,4
81462,81223,81233,3
82429,81223,82227,3
83428,81223,83223,3
84446,81223,84223,3
85448,81223,85223,3
86467,81223,86217,4
87468,87223,87220,4
88468,88223,88222,4
89447,89223,89221,4
90461,90223,90231,3
91441,90223,91228,3
92439,90223,92226,3
93450,90223,93217,4
94457,94223,94218,4
95439,95223,95224,3
96443,95223,96223,3
97451,95223,97224,3
98451,95223,98224,3
99432,95223,99221,3
100430,95223,100218,3
101426,95223,101215,3
102438,95223,102215,3
103429,95223,103213,3
104439,95223,104213,3
105462,95223,105218,3
106439,95223,106217,3
107450,95223,107219,3
108437,95223,108218,3
109437,95223,109217,3
110436,95223,110216,3
111446,95223,111217,3
112463,95223,112221,3
113430,95223,113218,3
114450,95223,114219,3
115451,95223,115221,3
116442,95223,116220,3
117440,95223,117219,3
118433,95223,118217,3
119452,95223,119219,3
120456,95223,120221,3
121432,95223,121219,3
122442,95223,122219,3
123441,95223,123218,3
124433,95223,124216,3
125454,95223,125219,3
126441,95223,126218,3
127441,95223,127218,3
128434,95223,128216,3
129453,95223,129219,3
130441,95223,130218,3
131444,95223,131219,3
132454,95223,132221,3
133443,95223,133220,3
134443,95223,134220,3
135446,95223,135220,3
136463,95223,136224,3
137433,95223,137221,3
138459,95223,138223,3
139453,95223,139224,3
140435,95223,140222,3
141442,95223,141221,3
142440,95223,142220,3
143439,95223,143219,3
144441,95223,144218,3
145441,95223,145218,3
146440,95223,146218,3
147452,95223,147219,3
148460,95223,148222,3
149452,95223,149223,3
150442,95223,150222,3
151462,95223,151225,3
152452,95223,152226,3
153449,95223,153225,3
154439,95223,154223,3
155439,95223,155222,3
156449,95223,156213,4
157468,157222,157217,4
158465,158222,158219,4
159469,159222,159222,4
160461,160222,160223,4
161438,161222,161220,4
162437,162222,162217,4
163438,163222,163215,4
164437,164222,164213,4
165452,165222,165214,4
166439,166222,166212,4
167463,167222,167215,4
168450,168222,168216,4
169469,169222,169219,4
170458,170222,170220,4
171469,171222,171223,4
172458,172222,172223,4
173438,173222,173220,4
174447,174222,174219,4
175469,175222,175222,4
176459,176222,176222,4
177443,177222,177220,4
178467,178222,178222,4
179449,179222,179221,4
180446,180222,180220,4
181460,181222,181221,4
182451,182222,182220,4
183458,183222,183221,4
184438,184222,184218,4
185449,185222,185218,4
186466,186221,186220,4
187435,187221,187217,4
188436,188221,188215,4
189454,189221,189216,4
190445,190221,190215,4
191457,191221,191216,4
192449,192221,192216,4
193467,193221,193219,4
194461,194221,194221,4
195477,195221,195212,5
196457,196221,196212,5
197448,197221,197210,5
198439,198221,198219,4
199446,199221,199218,4
200465,200221,200208,5
201476,201221,201211,5
202466,202221,202213,5
203446,203221,203211,5
204468,204221,204213,5
205467,205221,205214,5
206443,206221,206211,5
207472,207221,207214,5
208475,208221,208216,5
209444,209221,209213,5
210461,210221,210214,5
211453,211221,211213,5
212455,212221,212212,5
213454,213221,213212,5
214452,214221,214211,5
215472,215221,215213,5
216451,216221,216212,5
217452,217221,217211,5
218451,218221,218210,5
219454,219221,219210,5
220453,220221,220210,5
221454,221221,221210,5
222449,222221,222209,5
223471,223221,223211,5
224443,224221,224209,5
225459,225221,225210,5
226437,226221,226218,4
227447,227221,227217,4
228452,228221,228218,4
229445,229221,229217,4
230456,230221,230218,4
231446,231221,231217,4
232465,232221,232219,4
233465,233221,233221,4
234463,234221,234223,4
235454,235221,235222,4
236445,236221,236221,4
237452,237221,237220,4
238445,238221,238219,4
239445,239221,239217,4
240465,240221,240220,4
241465,241220,241222,4
242465,242220,242224,4
243453,243220,243223,4
244445,244220,244221,4
245434,245220,245217,4
246441,246220,246216,4
247465,247220,247218,4
248468,248220,248221,4
249466,249220,249223,4
250444,250220,250221,4
251447,251220,251220,4
252444,252220,252218,4
253454,253220,253219,4
254443,254220,254217,4
255455,255220,255218,4
256446,256220,256217,4
257443,257220,257216,4
258454,258220,258216,4
259442,259220,259215,4
260453,260220,260216,4
261465,261220,261219,4
262454,262220,262219,4
263452,263220,263219,4
264446,264220,264218,4
265466,265220,265220,4
266437,266220,266217,4
267445,267220,267216,4
268456,268220,268217,4
269446,269220,269217,4
270434,270220,270214,4
271445,271220,271213,4
272435,272220,272211,4
273438,273220,273210,4
274444,274220,274210,4
275444,275220,275210,4
276456,276220,276212,4
277444,277220,277212,4
278444,278220,278212,4
279445,279220,279212,4
280454,280220,280213,4
281453,281220,281214,4
282455,282220,282216,4
283435,283220,283213,4
284446,284220,284213,4
285464,285220,285216,4
286466,286220,286219,4
287434,287220,287216,4
288435,288220,288213,4
289436,289220,289211,4
290444,290220,290211,4
291455,291220,291213,4
292442,292220,292212,4
293434,293220,293210,4
294434,294220,294209,4
295444,295220,295209,4
296454,296220,296211,4
297452,297219,297212,4
298439,298219,298211,4
299443,299219,299211,4
300446,300219,300211,4
301453,301219,301213,4
302442,302219,302212,4
303456,303219,303214,4
304435,304219,304212,4
305442,305219,305211,4
306441,306219,306210,4
307459,307219,307213,4
308431,308219,308210,4
309451,309219,309212,4
310431,310219,310209,4
311441,311219,311209,4
312432,312219,312207,4
313439,313219,313207,4
314440,314219,314207,4
315449,315219,315208,4
316440,316219,316208,4
317459,317219,317211,4
318437,318219,318210,4
319435,319219,319208,4
320440,320219,320208,4
321452,321219,321210,4
322437,322219,322209,4
323460,323219,323212,4
324430,324219,324209,4
325426,325219,325206,4
326446,326219,326207,4
327456,327219,327210,4
328435,328219,328209,4
329427,329219,329206,4
330435,330219,330205,4
331429,331219,331203,4
332432,332219,332203,4
333429,333219,333201,4
334437,334219,334202,4
335439,335219,335202,4
336439,336219,336203,4
337447,337219,337205,4
338458,338219,338208,4
339430,339219,339206,4
340441,340219,340206,4
341460,341219,341210,4
342430,342219,342208,4
343437,343219,343207,4
344426,344219,344204,4
345445,345219,345206,4
346447,346219,346207,4
347436,347219,347206,4
348442,348219,348207,4
349456,349219,349209,4
350427,350219,350207,4
351447,351219,351208,4
352431,352219,352206,4
353447,353218,353207,4
354445,354218,354208,4
355435,355218,355207,4
356457,356218,356210,4
357449,357218,357211,4
358444,358218,358211,4
359454,359218,359212,4
360434,360218,360210,4
361433,361218,361208,4
362436,362218,362207,4
363441,363218,363207,4
364445,364218,364208,4
365442,365218,365208,4
366442,366218,366208,4
367451,367218,367210,4
368433,368218,368208,4
369443,369218,369208,4
370443,370218,370209,4
371443,371218,371209,4
372452,372218,372210,4
373429,373218,373208,4
374443,374218,374208,4
375432,375218,375206,4
376430,376218,376205,4
377444,377218,377206,4
378444,378218,378207,4
379430,379218,379205,4
380425,380218,380203,4
381446,381218,381213,3
382434,381218,382213,3
383434,381218,383212,3
384426,381218,384210,3
385434,381218,385210,3
386425,381218,386208,3
387446,381218,387211,3
388424,381218,388209,3
389426,381218,389207,3
390425,381218,390206,3
391421,381218,391204,3
392435,381218,392205,3
393427,381218,393205,3
394422,381218,394204,3
395425,381218,395203,3
396423,381218,396202,3
397440,381218,397205,3
398432,381218,398205,3
399417,381218,399203,3
400436,381218,400204,3
401414,381218,401202,3
402422,381218,402201,3
403412,381218,403198,3
404425,381218,404199,3
405426,381218,405199,3
406415,381218,406198,3
407422,381218,407198,3
408433,381218,408200,3
409415,381218,409198,3
410414,381218,410196,3
411435,381218,411199,3
412413,381218,412197,3
413435,381218,413200,3
414432,381218,414201,3
415409,381218,415209,2
416415,381218,416218,1
417433,381218,417219,1
418404,381218,418217,1
419413,381218,419216,1
420426,381218,420217,1
421408,381218,421215,1
422406,381218,422214,1
423434,381218,423215,1
424406,381218,424214,1
425413,381218,425213,1
426408,381218,426212,1
427400,381218,427210,1
428430,381218,428212,1
429409,381218,429211,1
430400,381218,430209,1
431399,381218,431208,1
432408,381218,432207,1
433398,381218,433206,1
434417,381218,434206,1
435421,381218,435207,1
436418,381218,436208,1
437408,381218,437207,1
438407,381218,438207,1
439400,381218,439205,1
440420,381218,440206,1
441401,381218,441205,1
442411,381218,442205,1
443410,381218,443205,1
444409,381218,444205,1
445399,381218,445204,1
446429,381218,446206,1
447419,381218,447207,1
448420,381218,448207,1
449407,381218,449207,1
450407,381218,450206,1
451399,381218,451205,1
452410,381218,452205,1
453399,381218,453204,1
454398,381218,454202,1
455409,381218,455203,1
456410,381218,456203,1
457400,381218,457202,1
458438,381218,458196,2
459439,381218,459200,2
460416,381218,460200,2
461417,381218,461200,2
462437,381218,462203,2
463417,381218,463203,2
464437,381218,464205,2
465419,381218,465205,2
466418,381218,466204,2
467416,381218,467204,2
468436,381218,468206,2
469427,381218,469207,2
470415,381218,470206,2
471419,381218,471206,2
472429,381218,472206,2
473405,381218,473204,2
474418,381218,474204,2
475438,381218,475206,2
476426,381218,476207,2
477427,381218,477207,2
478409,381218,478206,2
479416,381218,479205,2
480429,381218,480206,2
481409,381218,481205,2
482410,381218,482203,2
483428,381218,483204,2
484418,381218,484204,2
485417,381218,485204,2
486416,381218,486204,2
487428,381218,487205,2
488417,381218,488204,2
489436,381218,489206,2
490419,381218,490206,2
491415,381218,491205,2
492438,381218,492207,2
493417,381218,493207,2
494418,381218,494206,2
495409,381218,495205,2
496407,381218,496203,2
497414,381218,497202,2
498416,381218,498202,2
499427,381218,499203,2
500428,381218,500204,2
501410,381218,501203,2
502405,381218,502202,2
503416,381218,503201,2
504417,381218,504201,2
505407,381218,505200,2
506407,381218,506199,2
507426,381218,507201,2
508415,381218,508200,2
509427,381218,509202,2
510414,381218,510201,2
511427,381218,511203,2
512414,381218,512202,2
513412,381218,513212,1
514418,381218,514212,1
515406,381218,515211,1
516399,381218,516209,1
517408,381218,517198,2
518428,381218,518193,3
519445,381218,519199,3
520446,381218,520204,3
521436,381218,521214,2
522417,381218,522213,2
523429,381218,523213,2
524416,381218,524211,2
525418,381218,525210,2
526429,381218,526211,2
527440,381218,527212,2
528421,381218,528212,2
529416,381218,529210,2
530436,381218,530204,3
531445,381218,531208,3
532433,381218,532199,4
533426,533215,533198,4
534429,534215,534197,4
535427,535215,535197,4
536427,536215,536196,4
537424,537215,537195,4
538422,538215,538194,4
539429,539215,539194,4
540431,540215,540195,4
541431,541215,541195,4
542430,542215,542195,4
543448,543215,543199,4
544437,544215,544209,3
545446,544215,545211,3
546448,544215,546213,3
547418,544215,547210,3
548434,544215,548210,3
549448,544215,549212,3
550447,544215,550214,3
551417,544215,551210,3
552445,544215,552212,3
553423,544215,553210,3
554428,544215,554208,3
555441,544215,555210,3
556440,544215,556211,3
557417,544215,557208,3
558427,544215,558207,3
559417,544215,559204,3
560417,544215,560202,3
561429,544215,561202,3
562428,544215,562203,3
563430,544215,563194,4
564458,564215,564199,4
565447,565215,565201,4
566435,566215,566201,4
567455,567215,567205,4
568448,568215,568207,4
569447,569215,569208,4
570436,570215,570207,4
571436,571215,571206,4
572446,572215,572207,4
573456,573215,573210,4
574435,574214,574208,4
575424,575214,575205,4
576435,576214,576205,4
577446,577214,577206,4
578424,578214,578203,4
579428,579214,579202,4
580435,580214,580202,4
581429,581214,581201,4
582449,582214,582203,4
583431,583214,583202,4
584424,584214,584200,4
585433,585214,585200,4
586433,586214,586200,4
587422,587214,587198,4
588432,588214,588198,4
589431,589214,589198,4
590423,590214,590197,4
591427,591214,591196,4
592435,592214,592197,4
593434,593214,593198,4
594445,594214,594200,4
595454,595214,595203,4
596435,596214,596203,4
597455,597214,597206,4
598435,598214,598205,4
599424,599214,599203,4
600445,600214,600204,4
601447,601214,601206,4
602426,602214,602204,4
603445,603214,603205,4
604432,604214,604204,4
605424,605214,605202,4
606437,606214,606202,4
607434,607214,607202,4
608433,608214,608201,4
609445,609214,609203,4
610434,610214,610203,4
611425,611214,611201,4
612424,612214,612199,4
613435,613214,613199,4
614436,614214,614200,4
615438,615214,615201,4
616445,616214,616203,4
617425,617214,617201,4
618434,618214,618201,4
619446,619214,619203,4
620428,620214,620201,4
621427,621214,621200,4
622440,622214,622201,4
623423,623214,623199,4
624437,624214,624200,4
625459,625214,625204,4
626425,626214,626202,4
627439,627214,627203,4
628438,628214,628203,4
629430,629214,629202,4
630423,630213,630200,4
631433,631213,631200,4
632437,632213,632200,4
633428,633213,633199,4
634433,634213,634199,4
635436,635213,635200,4
636434,636213,636200,4
637453,637213,637203,4
638424,638213,638201,4
639434,639213,639201,4
640432,640213,640201,4
641425,641213,641199,4
642424,642213,642198,4
643424,643213,643196,4
644426,644213,644196,4
645456,645213,645200,4
646452,646213,646203,4
647424,647213,647201,4
648434,648213,648201,4
649435,649213,649201,4
650434,650213,650201,4
651446,651213,651203,4
652435,652213,652203,4
653423,653213,653200,4
654425,654213,654199,4
655432,655213,655199,4
656456,656213,656203,4
657433,657213,657202,4
658434,658213,658202,4
659424,659213,659200,4
660434,660213,660200,4
661440,661213,661201,4
662444,662213,662203,4
663433,663213,663202,4
664437,664213,664202,4
665425,665213,665201,4
666432,666213,666200,4
667443,667213,667202,4
668430,668213,668201,4
669450,669213,669204,4
670432,670213,670203,4
671440,671213,671203,4
672441,672213,672204,4
673445,673213,673205,4
674433,674213,674204,4
675451,675213,675207,4
676453,676213,676209,4
677432,677213,677207,4
678440,678213,678207,4
679441,679213,679207,4
680446,680213,680208,4
681441,681213,681208,4
682434,682213,682207,4
683431,683213,683205,4
684430,684213,684204,4
685428,685212,685202,4
686451,686212,686205,4
687439,687212,687205,4
688440,688212,688205,4
689436,689212,689205,4
690440,690212,690205,4
691433,691212,691204,4
692442,692212,692205,4
693434,693212,693204,4
694446,694212,694206,4
695444,695212,695206,4
696434,696212,696205,4
697427,697212,697203,4
698428,698212,698202,4
699445,699212,699203,4
700436,700212,700203,4
701442,701212,701204,4
702425,702212,702202,4
703442,703212,703191,5
704444,704212,704192,5
705429,705212,705202,4
706433,706212,706202,4
707420,707212,707199,4
708445,708212,708201,4
709424,709212,709199,4
710455,710212,710203,4
711445,711212,711205,4
712433,712212,712204,4
713425,713212,713202,4
714424,714212,714200,4
715445,715212,715202,4
716445,716212,716191,5
717433,717212,717191,5
718444,718212,718192,5
719446,719212,719193,5
720429,720212,720192,5
721441,721212,721192,5
722440,722212,722193,5
723453,723212,723195,5
724447,724212,724196,5
725460,725212,725199,5
726438,726212,726198,5
727430,727212,727196,5
728440,728212,728196,5
729450,729212,729197,5
730428,730212,730195,5
731449,731212,731196,5
732439,732212,732196,5
733432,733212,733194,5
734433,734212,734205,4
735426,735212,735203,4
736432,736212,736202,4
737432,737212,737201,4
738432,738212,738201,4
739417,739212,739198,4
740434,740211,740198,4
741444,741211,741200,4
742431,742211,742200,4
743433,743211,743200,4
744435,744211,744200,4
745425,745211,745199,4
746432,746211,746199,4
747445,747211,747201,4
748431,748211,748200,4
749431,749211,749200,4
750418,750211,750197,4
751432,751211,751197,4
752427,752211,752197,4
753431,753211,753197,4
754444,754211,754199,4
755434,755211,755199,4
756435,756211,756200,4
757433,757211,757200,4
758428,758211,758199,4
759435,759211,759199,4
760430,760211,760208,3
761430,760211,761207,3
762432,760211,762207,3
763440,760211,763209,3
764438,760211,764210,3
765440,760211,765211,3
766448,760211,766213,3
767421,760211,767210,3
768418,760211,768207,3
769439,760211,769208,3
770428,760211,770207,3
771421,760211,771205,3
772428,760211,772205,3
773435,760211,773206,3
774426,760211,774205,3
775423,760211,775204,3
776418,760211,776202,3
777449,760211,777206,3
778428,760211,778206,3
779440,760211,779208,3
780440,760211,780209,3
781426,760211,781208,3
782434,760211,782199,4
783450,783211,783202,4
784437,784211,784202,4
785422,785211,785200,4
786418,786211,786197,4
787430,787211,787197,4
788429,788211,788197,4
789442,789211,789199,4
790429,790211,790198,4
791421,791211,791196,4
792432,792211,792197,4
793432,793211,793197,4
794430,794211,794197,4
795423,795210,795196,4
796427,796210,796195,4
797431,797210,797196,4
798416,798210,798193,4
799424,799210,799193,4
800419,800210,800192,4
801416,801210,801190,4
802442,802210,802193,4
803432,803210,803194,4
804418,804210,804192,4
805421,805210,805192,4
806438,806210,806194,4
807419,807210,807192,4
808428,808210,808193,4
809429,809210,809193,4
810414,810210,810191,4
811423,811210,811191,4
812424,812210,812191,4
813424,813210,813191,4
814430,814210,814192,4
815447,815210,815195,4
816418,816210,816194,4
817423,817210,817193,4
818429,818210,818193,4
819423,819210,819193,4
820427,820210,820193,4
821423,821210,821192,4
822416,822210,822199,3
823443,822210,823203,3
824426,822210,824203,3
825424,822210,825202,3
826420,822210,826201,3
827423,822210,827200,3
828421,822210,828200,3
829423,822210,829199,3
830427,822210,830200,3
831432,822210,831201,3
832436,822210,832203,3
833448,822210,833207,3
834418,822210,834205,3
835423,822210,835203,3
836445,822210,836207,3
837424,822210,837205,3
838416,822210,838203,3
839433,822210,839204,3
840415,822210,840201,3
841428,822210,841202,3
842421,822210,842201,3
843417,822210,843199,3
844420,822210,844199,3
845444,822210,845202,3
846412,822210,846200,3
847429,822210,847201,3
848435,822210,848202,3
849447,822210,849206,3
850443,822210,850208,3
851425,822210,851207,3
852433,822210,852207,3
853424,822210,853206,3
854423,822210,854204,3
855421,822210,855203,3
856417,822210,856201,3
857425,822210,857201,3
858414,822210,858199,3
859417,822210,859198,3
860415,822210,860196,3
861445,822210,861201,3
862427,822210,862201,3
863425,822210,863201,3
864421,822210,864200,3
865413,822210,865198,3
866435,822210,866200,3
867437,822210,867203,3
868414,822210,868200,3
869422,822210,869200,3
870422,822210,870199,3
871416,822210,871198,3
872424,822210,872198,3
873437,822210,873201,3
874411,822210,874198,3
875422,822210,875198,3
876416,822210,876197,3
877415,822210,877196,3
878425,822210,878197,3
879419,822210,879196,3
880415,822210,880195,3
881423,822210,881196,3
882412,822210,882194,3
883423,822210,883195,3
884442,822210,884199,3
885430,822210,885200,3
886433,822210,886202,3
887419,822210,887200,3
888419,822210,888199,3
889418,822210,889198,3
890423,822210,890198,3
891434,822210,891200,3
892421,822210,892200,3
893419,822210,893199,3
894421,822210,894198,3
895413,822210,895197,3
896433,822210,896199,3
897437,822210,897201,3
898420,822210,898200,3
899421,822210,899200,3
900421,822210,900199,3
901424,822210,901199,3
902425,822210,902199,3
903422,822210,903199,3
904413,822210,904197,3
905424,822210,905198,3
906418,822210,906197,3
907412,822210,907195,3
908426,822210,908196,3
909411,822210,909194,3
910407,822210,910192,3
911425,822210,911194,3
912415,822210,912193,3
913418,822210,913193,3
914438,822210,914197,3
915423,822210,915197,3
916412,822210,916195,3
917417,822210,917195,3
918429,822210,918197,3
919419,822210,919196,3
920412,822210,920195,3
921433,822210,921197,3
922420,822210,922197,3
923411,822210,923195,3
924428,822210,924197,3
925415,822210,925195,3
926425,822210,926196,3
927434,822210,927199,3
928420,822210,928198,3
929441,822210,929202,3
930408,822210,930198,3
931437,822210,931192,4
932428,932208,932192,4
933451,933208,933196,4
934450,934208,934200,4
935439,935208,935201,4
936430,936208,936200,4
937422,937208,937198,4
938430,938208,938198,4
939426,939208,939197,4
940419,940208,940195,4
941429,941208,941195,4
942437,942208,942196,4
943419,943208,943195,4
944442,944208,944197,4
945441,945208,945199,4
946416,946208,946196,4
947425,947208,947195,4
948416,948208,948193,4
949416,949208,949191,4
950434,950208,950193,4
951427,951208,951193,4
952437,952208,952195,4
953426,953208,953194,4
954446,954208,954197,4
955437,955208,955199,4
956448,956208,956201,4
957446,957208,957203,4
958417,958208,958200,4
959433,959207,959200,4
960416,960207,960197,4
961418,961207,961195,4
962416,962207,962193,4
963442,963207,963195,4
964427,964207,964195,4
965423,965207,965194,4
966416,966207,966192,4
967425,967207,967192,4
968427,968207,968192,4
969448,969207,969196,4
970427,970207,970196,4
971423,971207,971195,4
972424,972207,972194,4
973415,973207,973192,4
974435,974207,974193,4
975447,975207,975197,4
976447,976207,976200,4
977424,977207,977198,4
978426,978207,978197,4
979436,979207,979198,4
980444,980207,980200,4
981447,981207,981203,4
982438,982207,982203,4
983435,983207,983203,4
984435,984207,984202,4
985424,985207,985200,4
986424,986207,986199,4
987420,987207,987197,4
988438,988207,988198,4
989428,989207,989197,4
990437,990207,990198,4
991424,991207,991197,4
992424,992207,992196,4
993429,993207,993196,4
994426,994207,994195,4
995424,995207,995194,4
996429,996207,996195,4
997446,997207,997198,4
998421,998207,998196,4
999427,999207,999196,4
1000435,1000207,1000197,4
1001432,1001207,1001197,4
1002437,1002207,1002198,4
1003426,1003207,1003197,4
1004443,1004207,1004199,4
1005444,1005207,1005201,4
1006426,1006207,1006200,4
1007447,1007207,1007202,4
1008426,1008207,1008200,4
1009428,1009207,1009199,4
1010428,1010207,1010199,4
1011418,1011207,1011196,4
1012417,1012207,1012194,4
1013415,1013207,1013192,4
1014428,1014206,1014192,4
1015427,1015206,1015192,4
1016437,1016206,1016194,4
1017441,1017206,1017197,4
1018446,1018206,1018199,4
1019427,1019206,1019187,5
1020445,1020206,1020188,5
1021437,1021206,1021189,5
1022427,1022206,1022188,5
1023454,1023206,1023191,5
1024434,1024206,1024191,5
1025423,1025206,1025189,5
1026426,1026206,1026187,5
1027456,1027206,1027191,5
1028430,1028206,1028190,5
1029448,1029206,1029192,5
1030430,1030206,1030191,5
1031425,1031206,1031189,5
1032445,1032206,1032191,5
1033434,1033206,1033190,5
1034434,1034206,1034190,5
1035445,1035206,1035191,5
1036434,1036206,1036191,5
1037425,1037206,1037189,5
1038429,1038206,1038188,5
1039446,1039206,1039190,5
1040426,1040206,1040189,5
1041434,1041206,1041189,5
1042441,1042206,1042190,5
1043421,1043206,1043188,5
1044433,1044206,1044188,5
1045435,1045206,1045188,5
1046426,1046206,1046187,5
1047438,1047206,1047188,5
1048430,1048206,1048187,5
1049440,1049206,1049188,5
1050432,1050206,1050188,5
1051433,1051206,1051188,5
1052435,1052206,1052188,5
1053435,1053206,1053188,5
1054428,1054206,1054187,5
1055427,1055206,1055187,5
1056431,1056206,1056186,5
1057421,1057206,1057185,5
1058426,1058206,1058184,5
1059445,1059206,1059186,5
1060429,1060206,1060186,5
1061420,1061206,1061184,5
1062433,1062206,1062185,5
1063444,1063206,1063187,5
1064420,1064206,1064185,5
1065436,1065206,1065186,5
1066432,1066206,1066186,5
1067420,1067206,1067184,5
1068420,1068206,1068183,5
1069452,1069205,1069186,5
1070454,1070205,1070190,5
1071456,1071205,1071193,5
1072434,1072205,1072192,5
1073430,1073205,1073191,5
1074433,1074205,1074191,5
1075419,1075205,1075188,5
1076422,1076205,1076186,5
1077424,1077205,1077185,5
1078419,1078205,1078183,5
1079422,1079205,1079182,5
1080422,1080205,1080181,5
1081428,1081205,1081181,5
1082424,1082205,1082181,5
1083457,1083205,1083186,5
1084445,1084205,1084200,4
1085416,1085205,1085197,4
1086443,1086205,1086199,4
1087422,1087205,1087197,4
1088413,1088205,1088194,4
1089417,1089205,1089192,4
1090424,1090205,1090192,4
1091424,1091205,1091192,4
1092424,1092205,1092192,4
1093425,1093205,1093192,4
1094414,1094205,1094190,4
1095425,1095205,1095190,4
1096427,1096205,1096191,4
1097422,1097205,1097190,4
1098415,1098205,1098189,4
1099423,1099205,1099189,4
1100422,1100205,1100189,4
1101416,1101205,1101188,4
1102425,1102205,1102188,4
1103430,1103205,1103177,5
1104445,1104205,1104181,5
1105445,1105205,1105183,5
1106437,1106205,1106185,5
1107450,1107205,1107188,5
1108429,1108205,1108187,5
1109432,1109205,1109187,5
1110441,1110205,1110188,5
1111431,1111205,1111188,5
1112453,1112205,1112191,5
1113454,1113205,1113193,5
1114434,1114205,1114193,5
1115433,1115205,1115192,5
1116428,1116205,1116190,5
1117442,1117205,1117191,5
1118422,1118205,1118189,5
1119429,1119205,1119188,5
1120425,1120205,1120187,5
1121422,1121205,1121185,5
1122430,1122205,1122185,5
1123433,1123204,1123186,5
1124446,1124204,1124188,5
1125432,1125204,1125188,5
1126440,1126204,1126189,5
1127442,1127204,1127190,5
1128450,1128204,1128192,5
1129442,1129204,1129193,5
1130429,1130204,1130191,5
1131450,1131204,1131193,5
1132419,1132204,1132190,5
1133437,1133204,1133191,5
1134424,1134204,1134189,5
1135428,1135204,1135188,5
1136431,1136204,1136187,5
1137429,1137204,1137187,5
1138439,1138204,1138188,5
1139432,1139204,1139188,5
1140420,1140204,1140186,5
1141429,1141204,1141185,5
1142441,1142204,1142187,5
1143428,1143204,1143186,5
1144431,1144204,1144186,5
1145440,1145204,1145187,5
1146429,1146204,1146187,5
1147441,1147204,1147188,5
1148429,1148204,1148187,5
1149429,1149204,1149187,5
1150442,1150204,1150188,5
1151430,1151204,1151188,5
1152430,1152204,1152187,5
1153422,1153204,1153186,5
1154429,1154204,1154185,5
1155443,1155204,1155187,5
1156430,1156204,1156187,5
1157426,1157204,1157186,5
1158416,1158204,1158183,5
1159426,1159204,1159183,5
1160419,1160204,1160182,5
1161431,1161204,1161182,5
1162437,1162204,1162184,5
1163418,1163204,1163182,5
1164417,1164204,1164180,5
1165416,1165204,1165179,5
1166428,1166204,1166179,5
1167419,1167204,1167178,5
1168426,1168204,1168179,5
1169427,1169204,1169179,5
1170428,1170204,1170180,5
1171437,1171204,1171182,5
1172426,1172204,1172181,5
1173426,1173204,1173181,5
1174416,1174204,1174180,5
1175424,1175204,1175179,5
1176427,1176204,1176180,5
1177435,1177204,1177181,5
1178425,1178203,1178181,5
1179447,1179203,1179184,5
1180434,1180203,1180185,5
1181427,1181203,1181184,5
1182417,1182203,1182182,5
1183418,1183203,1183181,5
1184418,1184203,1184180,5
1185440,1185203,1185182,5
1186418,1186203,1186180,5
1187428,1187203,1187181,5
1188427,1188203,1188181,5
1189435,1189203,1189182,5
1190426,1190203,1190182,5
1191442,1191203,1191184,5
1192441,1192203,1192186,5
1193441,1193203,1193187,5
1194421,1194203,1194186,5
1195423,1195203,1195184,5
1196437,1196203,1196185,5
1197430,1197203,1197185,5
1198438,1198203,1198186,5
1199437,1199203,1199187,5
1200418,1200203,1200185,5
1201428,1201203,1201185,5
1202436,1202203,1202185,5
1203428,1203203,1203185,5
1204438,1204203,1204186,5
1205438,1205203,1205187,5
1206422,1206203,1206185,5
1207409,1207203,1207182,5
1208422,1208203,1208181,5
1209432,1209203,1209182,5
1210427,1210203,1210182,5
1211427,1211203,1211182,5
1212419,1212203,1212181,5
1213426,1213203,1213181,5
1214428,1214203,1214181,5
1215436,1215203,1215182,5
1216429,1216203,1216183,5
1217431,1217203,1217183,5
1218449,1218203,1218186,5
1219428,1219203,1219186,5
1220426,1220203,1220185,5
1221415,1221203,1221182,5
1222416,1222203,1222181,5
1223442,1223203,1223183,5
1224437,1224203,1224184,5
1225418,1225203,1225183,5
1226416,1226203,1226181,5
1227416,1227203,1227179,5
1228412,1228203,1228177,5
1229413,1229203,1229176,5
1230446,1230203,1230180,5
1231423,1231203,1231179,5
1232428,1232203,1232180,5
1233438,1233202,1233182,5
1234420,1234202,1234181,5
1235432,1235202,1235181,5
1236423,1236202,1236181,5
1237428,1237202,1237181,5
1238427,1238202,1238181,5
1239439,1239202,1239183,5
1240420,1240202,1240182,5
1241420,1241202,1241181,5
1242416,1242202,1242179,5
1243416,1243202,1243178,5
1244416,1244202,1244188,4
1245427,1245202,1245189,4
1246408,1246202,1246187,4
1247410,1247202,1247185,4
1248410,1248202,1248183,4
1249406,1249202,1249181,4
1250415,1250202,1250181,4
1251427,1251202,1251184,4
1252426,1252202,1252185,4
1253415,1253202,1253184,4
1254408,1254202,1254183,4
1255415,1255202,1255183,4
1256416,1256202,1256183,4
1257407,1257202,1257181,4
1258406,1258202,1258180,4
1259408,1259202,1259179,4
1260437,1260202,1260183,4
1261415,1261202,1261183,4
1262417,1262202,1262183,4
1263411,1263202,1263182,4
1264429,1264202,1264184,4
1265434,1265202,1265187,4
1266415,1266202,1266186,4
1267411,1267202,1267185,4
1268404,1268202,1268182,4
1269425,1269202,1269184,4
1270422,1270202,1270185,4
1271425,1271202,1271186,4
1272413,1272202,1272185,4
1273412,1273202,1273184,4
1274412,1274202,1274183,4
1275429,1275202,1275185,4
1276413,1276202,1276184,4
1277416,1277202,1277184,4
1278414,1278202,1278183,4
1279413,1279202,1279183,4
1280406,1280202,1280181,4
1281415,1281202,1281181,4
1282409,1282202,1282180,4
1283423,1283202,1283182,4
1284411,1284202,1284181,4
1285431,1285202,1285184,4
1286413,1286202,1286183,4
1287434,1287201,1287186,4
1288411,1288201,1288185,4
1289424,1289201,1289186,4
1290425,1290201,1290187,4
1291414,1291201,1291186,4
1292430,1292201,1292187,4
1293416,1293201,1293187,4
1294434,1294201,1294189,4
1295414,1295201,1295188,4
1296413,1296201,1296186,4
1297412,1297201,1297185,4
1298432,1298201,1298187,4
1299413,1299201,1299186,4
1300407,1300201,1300184,4
1301403,1301201,1301181,4
1302412,1302201,1302181,4
1303415,1303201,1303181,4
1304427,1304201,1304183,4
1305418,1305201,1305183,4
1306413,1306201,1306183,4
1307422,1307201,1307184,4
1308410,1308201,1308182,4
1309410,1309201,1309181,4
1310405,1310201,1310180,4
1311431,1311201,1311183,4
1312426,1312201,1312194,3
1313401,1312201,1313190,3
1314427,1312201,1314183,4
1315436,1315201,1315187,4
1316406,1316201,1316193,3
1317404,1316201,1317190,3
1318392,1316201,1318186,3
1319397,1316201,1319194,2
1320396,1316201,1320193,2
1321391,1316201,1321191,2
1322402,1316201,1322191,2
1323402,1316201,1323190,2
1324411,1316201,1324191,2
1325403,1316201,1325190,2
1326403,1316201,1326190,2
1327393,1316201,1327189,2
1328404,1316201,1328189,2
1329404,1316201,1329189,2
1330410,1316201,1330189,2
1331388,1316201,1331187,2
1332389,1316201,1332186,2
1333389,1316201,1333184,2
1334385,1316201,1334182,2
1335388,1316201,1335181,2
1336406,1316201,1336182,2
1337394,1316201,1337182,2
1338395,1316201,1338182,2
1339391,1316201,1339181,2
1340398,1316201,1340181,2
1341410,1316201,1341183,2
1342389,1316201,1342182,2
1343389,1316201,1343181,2
1344392,1316201,1344180,2
1345401,1316201,1345181,2
1346399,1316201,1346181,2
1347401,1316201,1347182,2
1348388,1316201,1348181,2
1349405,1316201,1349182,2
1350415,1316201,1350184,2
1351407,1316201,1351185,2
1352386,1316201,1352183,2
1353397,1316201,1353183,2
1354386,1316201,1354181,2
1355386,1316201,1355180,2
1356405,1316201,1356181,2
1357419,1316201,1357184,2
1358399,1316201,1358184,2
1359420,1316201,1359186,2
1360390,1316201,1360185,2
1361410,1316201,1361186,2
1362395,1316201,1362185,2
1363386,1316201,1363183,2
1364381,1316201,1364192,1
1365408,1316201,1365193,1
1366404,1316201,1366193,1
1367394,1316201,1367193,1
1368396,1316201,1368193,1
1369410,1316201,1369194,1
1370373,1316201,1370197,0
1371401,1316201,1371197,0
1372406,1316201,1372183,2
1373400,1316201,1373183,2
1374390,1316201,1374182,2
1375391,1316201,1375181,2
1376389,1316201,1376180,2
1377408,1316201,1377182,2
1378416,1316201,1378184,2
1379398,1316201,1379184,2
1380408,1316201,1380185,2
1381410,1316201,1381186,2
1382418,1316201,1382188,2
1383399,1316201,1383188,2
1384388,1316201,1384186,2
1385396,1316201,1385185,2
1386386,1316201,1386183,2
1387394,1316201,1387183,2
1388397,1316201,1388183,2
1389399,1316201,1389183,2
1390400,1316201,1390183,2
1391409,1316201,1391184,2
1392417,1316201,1392186,2
1393392,1316201,1393185,2
1394388,1316201,1394184,2
1395400,1316201,1395184,2
1396389,1316201,1396182,2
1397409,1316201,1397184,2
1398389,1316201,1398183,2
1399418,1316201,1399185,2
1400408,1316201,1400186,2
1401419,1316201,1401188,2
1402388,1316201,1402186,2
1403398,1316201,1403186,2
1404420,1316201,1404188,2
1405388,1316201,1405186,2
1406399,1316201,1406176,3
1407403,1316201,1407177,3
1408396,1316201,1408185,2
1409398,1316201,1409185,2
1410419,1316201,1410187,2
1411400,1316201,1411187,2
1412410,1316201,1412188,2
1413421,1316201,1413190,2
1414409,1316201,1414190,2
1415400,1316201,1415189,2
1416407,1316201,1416190,2
1417395,1316201,1417188,2
1418399,1316201,1418188,2
1419419,1316201,1419190,2
1420400,1316201,1420189,2
1421399,1316201,1421188,2
1422421,1316201,1422191,2
1423411,1316201,1423191,2
1424397,1316201,1424190,2
1425401,1316201,1425189,2
1426402,1316201,1426199,1
1427389,1316201,1427198,1
1428391,1316201,1428196,1
1429393,1316201,1429196,1
1430391,1316201,1430195,1
1431402,1316201,1431185,2
1432399,1316201,1432185,2
1433398,1316201,1433184,2
1434391,1316201,1434194,1
1435393,1316201,1435193,1
1436397,1316201,1436183,2
1437400,1316201,1437183,2
1438393,1316201,1438182,2
1439408,1316201,1439184,2
1440390,1316201,1440182,2
1441391,1316201,1441182,2
1442390,1316201,1442181,2
1443399,1316201,1443181,2
1444402,1316201,1444192,1
1445390,1316201,1445191,1
1446392,1316201,1446190,1
1447392,1316201,1447190,1
1448409,1316201,1448191,1
1449394,1316201,1449191,1
1450382,1316201,1450190,1
1451389,1316201,1451189,1
1452392,1316201,1452189,1
1453390,1316201,1453188,1
1454389,1316201,1454188,1
1455402,1316201,1455189,1
1456391,1316201,1456188,1
1457382,1316201,1457187,1
1458400,1316201,1458188,1
1459392,1316201,1459188,1
1460383,1316201,1460187,1
1461383,1316201,1461186,1
1462381,1316201,1462185,1
1463381,1316201,1463184,1
1464382,1316201,1464183,1
1465413,1316201,1465186,1
1466381,1316201,1466184,1
1467390,1316201,1467184,1
1468392,1316201,1468185,1
1469382,1316201,1469184,1
1470411,1316201,1470186,1
1471381,1316201,1471185,1
1472403,1316201,1472186,1
1473412,1316201,1473188,1
1474391,1316201,1474188,1
1475393,1316201,1475188,1
1476390,1316201,1476188,1
1477392,1316201,1477188,1
1478382,1316201,1478186,1
1479393,1316201,1479187,1
1480382,1316201,1480185,1
1481381,1316201,1481184,1
1482379,1316201,1482183,1
1483380,1316201,1483182,1
1484380,1316201,1484181,1
1485383,1316201,1485181,1
1486383,1316201,1486181,1
1487381,1316201,1487180,1
1488410,1316201,1488183,1
1489413,1316201,1489185,1
1490381,1316201,1490184,1
1491391,1316201,1491184,1
1492382,1316201,1492184,1
1493401,1316201,1493185,1
1494391,1316201,1494185,1
1495391,1316201,1495185,1
1496391,1316201,1496185,1
1497394,1316201,1497185,1
1498391,1316201,1498185,1
1499389,1316201,1499185,1
1500391,1316201,1500185,1
1501382,1316201,1501184,1
1502380,1316201,1502183,1
1503401,1316201,1503185,1
1504381,1316201,1504184,1
1505380,1316201,1505183,1
1506381,1316201,1506182,1
1507401,1316201,1507183,1
1508380,1316201,1508182,1
1509410,1316201,1509185,1
1510392,1316201,1510185,1
1511402,1316201,1511186,1
1512410,1316201,1512188,1
1513402,1316201,1513189,1
1514381,1316201,1514188,1
1515411,1316201,1515189,1
1516411,1316201,1516191,1
1517401,1316201,1517192,1
1518390,1316201,1518191,1
1519390,1316201,1519190,1
1520391,1316201,1520190,1
1521390,1316201,1521189,1
1522390,1316201,1522189,1
1523390,1316201,1523188,1
1524391,1316201,1524188,1
1525381,1316201,1525187,1
1526391,1316201,1526186,1
1527396,1316201,1527187,1
1528401,1316201,1528188,1
1529392,1316201,1529188,1
1530390,1316201,1530187,1
1531391,1316201,1531187,1
1532382,1316201,1532186,1
1533412,1316201,1533188,1
1534411,1316201,1534190,1
1535392,1316201,1535190,1
1536393,1316201,1536189,1
1537390,1316201,1537189,1
1538381,1316201,1538187,1
1539392,1316201,1539187,1
1540381,1316201,1540186,1
1541389,1316201,1541186,1
1542380,1316201,1542185,1
1543402,1316201,1543186,1
1544401,1316201,1544187,1
1545392,1316201,1545187,1
1546402,1316201,1546188,1
1547380,1316201,1547186,1
1548405,1316201,1548188,1
1549411,1316201,1549190,1
1550383,1316201,1550188,1
1551399,1316201,1551189,1
1552400,1316201,1552190,1
1553383,1316201,1553188,1
1554409,1316201,1554190,1
1555380,1316201,1555188,1
1556391,1316201,1556188,1
1557399,1316201,1557189,1
1558392,1316201,1558188,1
1559393,1316201,1559188,1
1560390,1316201,1560188,1
1561404,1316201,1561189,1
1562394,1316201,1562189,1
1563385,1316201,1563188,1
1564392,1316201,1564188,1
1565394,1316201,1565188,1
1566381,1316201,1566187,1
1567411,1316201,1567189,1
1568384,1316201,1568187,1
1569390,1316201,1569187,1
1570408,1316201,1570189,1
1571410,1316201,1571190,1
1572387,1316201,1572190,1
1573410,1316201,1573191,1
1574389,1316201,1574190,1
1575409,1316201,1575192,1
1576390,1316201,1576191,1
1577389,1316201,1577190,1
1578408,1316201,1578191,1
1579389,1316201,1579191,1
1580388,1316201,1580190,1
1581417,1316201,1581183,2
1582421,1316201,1582186,2
1583404,1316201,1583186,2
1584400,1316201,1584186,2
1585400,1316201,1585186,2
1586412,1316201,1586187,2
1587394,1316201,1587186,2
1588388,1316201,1588184,2
1589407,1316201,1589185,2
1590416,1316201,1590187,2
1591388,1316201,1591185,2
1592401,1316201,1592185,2
1593392,1316201,1593184,2
1594408,1316201,1594185,2
1595402,1316201,1595185,2
1596402,1316201,1596186,2
1597400,1316201,1597185,2
1598401,1316201,1598185,2
1599396,1316201,1599185,2
1600400,1316201,1600185,2
1601398,1316201,1601185,2
1602398,1316201,1602184,2
1603398,1316201,1603184,2
1604396,1316201,1604184,2
1605418,1316201,1605186,2
1606416,1316201,1606188,2
1607398,1316201,1607187,2
1608398,1316201,1608186,2
1609412,1316201,1609188,2
1610388,1316201,1610186,2
1611390,1316201,1611184,2
1612392,1316201,1612184,2
1613400,1316201,1613184,2
1614392,1316201,1614183,2
1615402,1316201,1615183,2
1616402,1316201,1616184,2
1617408,1316201,1617185,2
1618401,1316201,1618185,2
1619399,1316201,1619185,2
1620411,1316201,1620186,2
1621416,1316201,1621188,2
1622400,1316201,1622187,2
1623411,1316201,1623188,2
1624395,1316201,1624187,2
1625417,1316201,1625182,3
1626389,1316201,1626178,3
1627402,1316201,1627178,3
1628399,1316201,1628177,3
1629423,1316201,1629181,3
1630403,1316201,1630181,3
1631422,1316201,1631184,3
1632404,1316201,1632183,3
1633390,1316201,1633180,3
1634398,1316201,1634179,3
1635393,1316201,1635177,3
1636403,1316201,1636177,3
1637421,1316201,1637181,3
1638398,1316201,1638179,3
1639418,1316201,1639182,3
1640425,1316201,1640185,3
1641429,1316201,1641189,3
1642407,1316201,1642188,3
1643405,1316201,1643186,3
1644405,1316201,1644185,3
1645404,1316201,1645184,3
1646395,1316201,1646182,3
1647417,1316201,1647184,3
1648396,1316201,1648181,3
1649424,1316201,1649185,3
1650396,1316201,1650182,3
1651395,1316201,1651180,3
1652404,1316201,1652180,3
1653407,1316201,1653180,3
1654395,1316201,1654179,3
1655399,1316201,1655178,3
1656408,1316201,1656179,3
1657388,1316201,1657187,2
1658396,1316201,1658186,2
1659398,1316201,1659186,2
1660397,1316201,1660185,2
1661387,1316201,1661184,2
1662388,1316201,1662183,2
1663411,1316201,1663177,3
1664408,1316201,1664178,3
1665430,1316201,1665184,3
1666409,1316201,1666184,3
1667420,1316201,1667186,3
1668396,1316201,1668183,3
1669406,1316201,1669183,3
1670406,1316201,1670183,3
1671418,1316201,1671185,3
1672398,1316201,1672183,3
1673411,1316201,1673183,3
1674401,1316201,1674182,3
1675402,1316201,1675181,3
1676411,1316201,1676182,3
1677405,1316201,1677182,3
1678402,1316201,1678181,3
1679408,1316201,1679182,3
1680400,1316201,1680180,3
1681409,1316201,1681181,3
1682400,1316201,1682180,3
1683420,1316201,1683183,3
1684415,1316201,1684184,3
1685406,1316201,1685184,3
1686430,1316201,1686188,3
1687409,1316201,1687187,3
1688400,1316201,1688185,3
1689427,1316201,1689188,3
1690420,1316201,1690190,3
1691409,1316201,1691189,3
1692399,1316201,1692186,3
1693399,1316201,1693184,3
1694409,1316201,1694184,3
1695424,1316201,1695187,3
1696402,1316201,1696185,3
1697412,1316201,1697186,3
1698400,1316201,1698184,3
1699403,1316201,1699183,3
1700411,1316201,1700183,3
1701403,1316201,1701183,3
1702411,1316201,1702183,3
1703421,1316201,1703186,3
1704399,1316201,1704184,3
1705409,1316201,1705184,3
1706430,1316201,1706188,3
1707422,1316201,1707190,3
1708420,1316201,1708191,3
1709401,1316201,1709188,3
1710429,1316201,1710191,3
1711419,1316201,1711192,3
1712408,1316201,1712190,3
1713401,1316201,1713188,3
1714398,1316201,1714185,3
1715404,1316201,1715184,3
1716416,1316201,1716185,3
1717396,1316201,1717183,3
1718408,1316201,1718183,3
1719410,1316201,1719183,3
1720398,1316201,1720182,3
1721426,1316201,1721185,3
1722403,1316201,1722184,3
1723405,1316201,1723183,3
1724406,1316201,1724183,3
1725399,1316201,1725181,3
1726427,1316201,1726185,3
1727403,1316201,1727184,3
1728405,1316201,1728183,3
1729401,1316201,1729182,3
1730408,1316201,1730182,3
1731418,1316201,1731184,3
1732413,1316201,1732185,3
1733406,1316201,1733185,3
1734407,1316201,1734184,3
1735408,1316201,1735184,3
1736412,1316201,1736185,3
1737432,1316201,1737189,3
1738407,1316201,1738188,3
1739410,1316201,1739187,3
1740416,1316201,1740188,3
1741404,1316201,1741186,3
1742408,1316201,1742186,3
1743419,1316201,1743188,3
1744410,1316201,1744187,3
1745405,1316201,1745186,3
1746428,1316201,1746189,3
1747415,1316201,1747180,4
1748423,1748193,1748182,4
1749415,1749193,1749182,4
1750422,1750193,1750183,4
1751414,1751193,1751183,4
1752415,1752193,1752182,4
1753413,1753193,1753182,4
1754422,1754193,1754183,4
1755433,1755193,1755186,4
1756424,1756193,1756187,4
1757417,1757193,1757186,4
1758398,1758193,1758182,4
1759416,1759193,1759182,4
1760410,1760193,1760181,4
1761420,1761193,1761182,4
1762408,1762193,1762181,4
1763416,1763193,1763181,4
1764415,1764193,1764181,4
1765436,1765193,1765185,4
1766419,1766193,1766185,4
1767429,1767193,1767187,4
1768409,1768193,1768185,4
1769419,1769193,1769185,4
1770416,1770193,1770185,4
1771417,1771193,1771184,4
1772425,1772193,1772186,4
1773417,1773193,1773185,4
1774416,1774193,1774185,4
1775418,1775193,1775185,4
1776428,1776193,1776186,4
1777407,1777193,1777184,4
1778408,1778193,1778183,4
1779419,1779193,1779183,4
1780405,1780193,1780181,4
1781414,1781192,1781181,4
1782432,1782192,1782184,4
1783422,1783192,1783185,4
1784436,1784192,1784188,4
1785414,1785192,1785187,4
1786420,1786192,1786187,4
1787401,1787192,1787183,4
1788420,1788192,1788172,5
1789422,1789192,1789172,5
1790422,1790192,1790173,5
1791441,1791192,1791176,5
1792422,1792192,1792176,5
1793418,1793192,1793176,5
1794436,1794192,1794178,5
1795402,1795192,1795175,5
1796426,1796192,1796176,5
1797425,1797192,1797176,5
1798406,1798192,1798174,5
1799406,1799192,1799172,5
1800412,1800192,1800171,5
1801411,1801192,1801170,5
1802409,1802192,1802169,5
1803434,1803192,1803172,5
1804416,1804192,1804172,5
1805436,1805192,1805175,5
1806417,1806192,1806174,5
1807415,1807192,1807173,5
1808428,1808192,1808175,5
1809429,1809192,1809176,5
1810407,1810192,1810174,5
1811406,1811192,1811172,5
1812418,1812192,1812172,5
1813430,1813192,1813174,5
1814420,1814192,1814174,5
1815442,1815192,1815177,5
1816422,1816192,1816177,5
1817420,1817192,1817177,5
1818420,1818192,1818177,5
1819413,1819192,1819175,5
1820419,1820192,1820175,5
1821433,1821192,1821177,5
1822427,1822192,1822190,4
1823404,1823192,1823186,4
1824410,1824192,1824184,4
1825401,1825192,1825181,4
1826427,1826192,1826184,4
1827426,1827192,1827185,4
1828417,1828192,1828185,4
1829402,1829192,1829182,4
1830401,1830192,1830179,4
1831401,1831192,1831177,4
1832404,1832192,1832176,4
1833420,1833192,1833178,4
1834424,1834192,1834180,4
1835434,1835192,1835184,4
1836438,1836191,1836187,4
1837429,1837191,1837189,4
1838413,1838191,1838187,4
1839435,1839191,1839190,4
1840417,1840191,1840189,4
1841407,1841191,1841186,4
1842417,1842191,1842186,4
1843423,1843191,1843174,5
1844415,1844191,1844173,5
1845447,1845191,1845178,5
1846446,1846191,1846181,5
1847443,1847191,1847183,5
1848422,1848191,1848182,5
1849442,1849191,1849184,5
1850413,1850191,1850182,5
1851424,1851191,1851181,5
1852423,1852191,1852181,5
1853419,1853191,1853180,5
1854433,1854191,1854181,5
1855417,1855191,1855179,5
1856428,1856191,1856180,5
1857430,1857191,1857181,5
1858412,1858191,1858178,5
1859416,1859191,1859177,5
1860412,1860191,1860176,5
1861421,1861191,1861176,5
1862408,1862191,1862185,4
1863427,1863191,1863187,4
1864405,1864191,1864184,4
1865435,1865191,1865174,5
1866411,1866191,1866173,5
1867429,1867191,1867175,5
1868419,1868191,1868174,5
1869438,1869191,1869177,5
1870443,1870191,1870180,5
1871422,1871191,1871180,5
1872418,1872191,1872179,5
1873406,1873191,1873187,4
1874413,1874191,1874186,4
1875424,1875191,1875187,4
1876413,1876191,1876185,4
1877414,1877191,1877185,4
1878437,1878191,1878188,4
1879416,1879191,1879187,4
1880415,1880191,1880186,4
1881438,1881191,1881189,4
1882415,1882191,1882188,4
1883410,1883191,1883186,4
1884406,1884191,1884184,4
1885409,1885191,1885182,4
1886414,1886191,1886182,4
1887410,1887191,1887181,4
1888417,1888191,1888181,4
1889416,1889191,1889182,4
1890417,1890191,1890182,4
1891427,1891190,1891184,4
1892421,1892190,1892172,5
1893429,1893190,1893174,5
1894415,1894190,1894173,5
1895435,1895190,1895176,5
1896441,1896190,1896179,5
1897423,1897190,1897179,5
1898421,1898190,1898178,5
1899444,1899190,1899181,5
1900422,1900190,1900180,5
1901443,1901190,1901183,5
1902442,1902190,1902185,5
1903421,1903190,1903184,5
1904417,1904190,1904182,5
1905417,1905190,1905180,5
1906432,1906190,1906181,5
1907423,1907190,1907181,5
1908415,1908190,1908179,5
1909425,1909190,1909179,5
1910416,1910190,1910178,5
1911445,1911190,1911181,5
1912424,1912190,1912181,5
1913435,1913190,1913182,5
1914422,1914190,1914181,5
1915414,1915190,1915179,5
1916414,1916190,1916178,5
1917434,1917190,1917179,5
1918435,1918190,1918181,5
1919414,1919190,1919179,5
1920432,1920190,1920180,5
1921444,1921190,1921183,5
1922422,1922190,1922182,5
1923445,1923190,1923185,5
1924423,1924190,1924184,5
1925414,1925190,1925181,5
1926412,1926190,1926179,5
1927414,1927190,1927177,5
1928423,1928190,1928177,5
1929417,1929190,1929176,5
1930443,1930190,1930180,5
1931433,1931190,1931181,5
1932422,1932190,1932180,5
1933443,1933190,1933183,5
1934415,1934190,1934181,5
1935444,1935190,1935184,5
1936432,1936190,1936184,5
1937412,1937190,1937181,5
1938422,1938190,1938181,5
1939421,1939190,1939180,5
1940412,1940190,1940178,5
1941445,1941190,1941181,5
1942422,1942190,1942180,5
1943420,1943190,1943179,5
1944443,1944190,1944182,5
1945425,1945189,1945182,5
1946422,1946189,1946181,5
1947436,1947189,1947182,5
1948445,1948189,1948185,5
1949423,1949189,1949184,5
1950412,1950189,1950181,5
1951431,1951189,1951182,5
1952431,1952189,1952182,5
1953426,1953189,1953182,5
1954420,1954189,1954181,5
1955433,1955189,1955182,5
1956443,1956189,1956184,5
1957413,1957189,1957182,5
1958421,1958189,1958181,5
1959423,1959189,1959180,5
1960423,1960189,1960180,5
1961422,1961189,1961179,5
1962441,1962189,1962182,5
1963421,1963189,1963181,5
1964411,1964189,1964179,5
1965444,1965189,1965182,5
1966413,1966189,1966179,5
1967422,1967189,1967179,5
1968412,1968189,1968177,5
1969422,1969189,1969177,5
1970412,1970189,1970175,5
1971418,1971189,1971175,5
1972433,1972189,1972177,5
1973416,1973189,1973176,5
1974418,1974189,1974175,5
1975441,1975189,1975178,5
1976409,1976189,1976188,4
1977418,1977189,1977187,4
1978415,1978189,1978186,4
1979406,1979189,1979184,4
1980408,1980189,1980182,4
1981408,1981189,1981181,4
1982437,1982189,1982185,4
1983435,1983189,1983188,4
1984423,1984189,1984188,4
1985425,1985189,1985189,4
1986412,1986189,1986187,4
1987414,1987189,1987186,4
1988435,1988189,1988188,4
1989428,1989189,1989189,4
1990405,1990189,1990186,4
1991406,1991189,1991184,4
1992405,1992189,1992182,4
1993407,1993189,1993180,4
1994413,1994189,1994180,4
1995441,1995189,1995185,4
1996415,1996189,1996184,4
1997406,1997189,1997182,4
1998418,1998189,1998183,4
1999409,1999189,1999181,4
2000420,2000188,2000182,4
2001430,2001188,2001185,4
2002415,2002188,2002184,4
2003416,2003188,2003184,4
2004437,2004188,2004187,4
2005425,2005188,2005188,4
2006403,2006188,2006185,4
2007424,2007188,2007186,4
2008404,2008188,2008183,4
2009426,2009188,2009185,4
2010405,2010188,2010182,4
2011425,2011188,2011184,4
2012405,2012188,2012182,4
2013417,2013188,2013182,4
2014416,2014188,2014182,4
2015425,2015188,2015184,4
2016414,2016188,2016183,4
2017413,2017188,2017183,4
2018399,2018188,2018180,4
2019416,2019188,2019180,4
2020421,2020188,2020181,4
2021418,2021188,2021182,4
2022406,2022188,2022180,4
2023412,2023188,2023180,4
2024423,2024188,2024182,4
2025414,2025188,2025181,4
2026433,2026188,2026185,4
2027413,2027188,2027184,4
2028421,2028188,2028184,4
2029416,2029188,2029184,4
2030416,2030188,2030184,4
2031411,2031188,2031183,4
2032433,2032188,2032186,4
2033404,2033188,2033183,4
2034414,2034188,2034183,4
2035402,2035188,2035180,4
2036416,2036188,2036181,4
2037414,2037188,2037181,4
2038425,2038188,2038182,4
2039415,2039188,2039182,4
2040426,2040188,2040184,4
2041437,2041188,2041187,4
2042405,2042188,2042185,4
2043424,2043188,2043186,4
2044405,2044188,2044183,4
2045415,2045188,2045183,4
2046417,2046188,2046183,4
2047424,2047188,2047184,4
2048406,2048188,2048182,4
2049414,2049188,2049182,4
2050423,2050188,2050183,4
2051413,2051188,2051183,4
2052414,2052188,2052182,4
2053414,2053188,2053182,4
2054424,2054187,2054183,4
2055410,2055187,2055182,4
2056407,2056187,2056181,4
2057425,2057187,2057183,4
2058413,2058187,2058182,4
2059425,2059187,2059184,4
2060416,2060187,2060183,4
2061416,2061187,2061183,4
2062409,2062187,2062182,4
2063435,2063187,2063185,4
2064424,2064187,2064186,4
2065416,2065187,2065186,4
2066425,2066187,2066187,4
2067416,2067187,2067186,4
2068406,2068187,2068184,4
2069409,2069187,2069182,4
2070428,2070187,2070184,4
2071405,2071187,2071182,4
2072405,2072187,2072180,4
2073410,2073187,2073180,4
2074409,2074187,2074179,4
2075426,2075187,2075181,4
2076416,2076187,2076181,4
2077415,2077187,2077181,4
2078427,2078187,2078184,4
2079426,2079187,2079185,4
2080414,2080187,2080184,4
2081417,2081187,2081184,4
2082426,2082187,2082186,4
2083413,2083187,2083185,4
2084425,2084187,2084186,4
2085408,2085187,2085184,4
2086436,2086187,2086187,4
2087405,2087187,2087184,4
2088416,2088187,2088184,4
2089407,2089187,2089182,4
2090410,2090187,2090181,4
2091424,2091187,2091183,4
2092401,2092187,2092180,4
2093393,2093187,2093177,4
2094411,2094187,2094177,4
2095404,2095187,2095176,4
2096401,2096187,2096174,4
2097401,2097187,2097173,4
2098397,2098187,2098171,4
2099415,2099187,2099173,4
2100390,2100187,2100170,4
2101425,2101187,2101174,4
2102405,2102187,2102174,4
2103411,2103187,2103174,4
2104424,2104187,2104177,4
2105435,2105187,2105181,4
2106395,2106187,2106186,3
2107414,2106187,2107187,3
2108415,2106187,2108188,3
2109408,2106187,2109187,3
2110408,2106187,2110186,3
2111426,2106187,2111189,3
2112396,2106187,2112186,3
2113419,2106187,2113187,3
2114414,2106187,2114188,3
2115399,2106187,2115185,3
2116407,2106187,2116185,3
2117397,2106187,2117183,3
2118406,2106187,2118182,3
2119396,2106187,2119180,3
2120415,2106187,2120182,3
2121417,2106187,2121184,3
2122402,2106187,2122183,3
2123411,2106187,2123184,3
2124402,2106187,2124182,3
2125402,2106187,2125182,3
2126410,2106187,2126182,3
2127416,2106187,2127184,3
2128423,2106187,2128187,3
2129393,2106187,2129183,3
2130422,2106187,2130186,3
2131395,2106187,2131183,3
2132427,2106187,2132187,3
2133405,2106187,2133186,3
2134394,2106187,2134183,3
2135420,2106187,2135185,3
2136397,2106187,2136183,3
2137407,2106187,2137183,3
2138397,2106187,2138181,3
2139399,2106187,2139180,3
2140397,2106187,2140178,3
2141407,2106187,2141179,3
2142403,2106187,2142179,3
2143422,2106187,2143182,3
2144407,2106187,2144182,3
2145433,2106187,2145187,3
2146417,2106187,2146188,3
2147402,2106187,2147186,3
2148394,2106187,2148183,3
2149435,2106187,2149179,4
2150408,2150186,2150178,4
2151433,2151186,2151182,4
2152402,2152186,2152179,4
2153412,2153186,2153179,4
2154399,2154186,2154177,4
2155399,2155186,2155175,4
2156410,2156186,2156175,4
2157429,2157186,2157179,4
2158406,2158186,2158178,4
2159420,2159186,2159179,4
2160410,2160186,2160179,4
2161396,2161186,2161176,4
2162408,2162186,2162176,4
2163419,2163186,2163177,4
2164410,2164185,2164177,4
2165407,2165185,2165177,4
2166423,2166185,2166179,4
2167409,2167185,2167178,4
2168432,2168185,2168182,4
2169423,2169185,2169183,4
2170409,2170185,2170182,4
2171428,2171185,2171184,4
2172421,2172185,2172185,4
2173431,2173185,2173187,4
2174419,2174185,2174187,4
2175429,2175185,2175188,4
2176425,2176185,2176189,4
2177412,2177185,2177187,4
2178400,2178185,2178183,4
2179409,2179185,2179182,4
2180413,2180185,2180182,4
2181424,2181185,2181183,4
2182406,2182185,2182181,4
2183400,2183185,2183179,4
2184403,2184185,2184177,4
2185409,2185185,2185177,4
2186419,2186185,2186178,4
2187429,2187185,2187181,4
2188408,2188185,2188180,4
2189413,2189185,2189180,4
2190430,2190185,2190183,4
2191418,2191185,2191183,4
2192410,2192185,2192182,4
2193410,2193185,2193181,4
2194415,2194185,2194181,4
2195407,2195185,2195180,4
2196417,2196185,2196180,4
2197405,2197185,2197179,4
2198421,2198185,2198180,4
2199430,2199185,2199183,4
2200419,2200185,2200184,4
2201418,2201185,2201184,4
2202400,2202185,2202181,4
2203423,2203185,2203191,3
2204396,2203185,2204188,3
2205413,2203185,2205188,3
2206395,2203185,2206185,3
2207409,2203185,2207185,3
2208403,2203185,2208183,3
2209421,2203185,2209186,3
2210405,2203185,2210185,3
2211407,2203185,2211184,3
2212395,2203185,2212182,3
2213401,2203185,2213181,3
2214406,2203185,2214181,3
2215395,2203185,2215179,3
2216398,2203185,2216178,3
2217399,2203185,2217177,3
2218391,2203185,2218175,3
2219391,2203185,2219174,3
2220422,2203185,2220178,3
2221389,2203185,2221176,3
2222417,2203185,2222179,3
2223408,2203185,2223180,3
2224411,2203185,2224181,3
2225390,2203185,2225178,3
2226391,2203185,2226176,3
2227410,2203185,2227178,3
2228419,2203185,2228181,3
2229413,2203185,2229182,3
2230414,2203185,2230184,3
2231422,2203185,2231186,3
2232403,2203185,2232185,3
2233394,2203185,2233182,3
2234422,2203185,2234185,3
2235403,2203185,2235184,3
2236387,2203185,2236180,3
2237396,2203185,2237178,3
2238395,2203185,2238177,3
2239389,2203185,2239175,3
2240389,2203185,2240173,3
2241420,2203185,2241177,3
2242399,2203185,2242176,3
2243409,2203185,2243178,3
2244396,2203185,2244177,3
2245386,2203185,2245174,3
2246396,2203185,2246173,3
2247387,2203185,2247171,3
2248397,2203185,2248172,3
2249395,2203185,2249171,3
2250417,2203185,2250175,3
2251385,2203185,2251173,3
2252396,2203185,2252172,3
2253427,2203185,2253168,4
2254408,2254184,2254169,4
2255406,2255184,2255170,4
2256408,2256184,2256171,4
2257406,2257184,2257171,4
2258402,2258184,2258171,4
2259424,2259184,2259174,4
2260395,2260184,2260172,4
2261402,2261184,2261171,4
2262419,2262184,2262174,4
2263399,2263184,2263172,4
2264419,2264184,2264175,4
2265405,2265184,2265174,4
2266398,2266184,2266172,4
2267401,2267184,2267172,4
2268398,2268184,2268170,4
2269402,2269184,2269170,4
2270418,2270184,2270173,4
2271408,2271184,2271173,4
2272390,2272183,2272170,4
2273409,2273183,2273171,4
2274409,2274183,2274172,4
2275401,2275183,2275171,4
2276400,2276183,2276170,4
2277410,2277183,2277171,4
2278392,2278183,2278169,4
2279393,2279183,2279176,3
2280389,2279183,2280184,2
2281379,2279183,2281182,2
2282379,2279183,2282180,2
2283390,2279183,2283180,2
2284391,2279183,2284179,2
2285390,2279183,2285179,2
2286394,2279183,2286179,2
2287381,2279183,2287177,2
2288387,2279183,2288177,2
2289397,2279183,2289177,2
2290379,2279183,2290176,2
2291398,2279183,2291176,2
2292380,2279183,2292185,1
2293369,2279183,2293183,1
2294405,2279183,2294169,3
2295401,2279183,2295170,3
2296409,2279183,2296173,3
2297383,2279183,2297170,3
2298384,2279183,2298168,3
2299392,2279183,2299168,3
2300388,2279183,2300167,3
2301406,2279183,2301170,3
2302393,2279183,2302170,3
2303396,2279183,2303170,3
2304385,2279183,2304168,3
2305406,2279183,2305171,3
2306416,2279183,2306165,4
2307405,2307183,2307166,4
2308403,2308183,2308167,4
2309387,2309183,2309164,4
2310405,2310183,2310166,4
2311389,2311183,2311164,4
2312399,2312183,2312164,4
2313417,2313183,2313168,4
2314395,2314183,2314166,4
2315408,2315183,2315168,4
2316400,2316183,2316168,4
2317395,2317183,2317167,4
2318409,2318183,2318168,4
2319408,2319183,2319169,4
2320407,2320183,2320170,4
2321407,2321183,2321171,4
2322414,2322183,2322172,4
2323404,2323183,2323172,4
2324406,2324183,2324172,4
2325405,2325183,2325172,4
2326406,2326183,2326172,4
2327403,2327182,2327172,4
2328398,2328182,2328170,4
2329399,2329182,2329170,4
2330405,2330182,2330170,4
2331397,2331182,2331169,4
2332396,2332182,2332168,4
2333413,2333182,2333170,4
2334398,2334182,2334169,4
2335407,2335182,2335170,4
2336414,2336182,2336172,4
2337416,2337182,2337173,4
2338405,2338182,2338173,4
2339412,2339182,2339174,4
2340398,2340182,2340172,4
2341415,2341182,2341174,4
2342402,2342182,2342173,4
2343406,2343182,2343173,4
2344415,2344182,2344174,4
2345398,2345182,2345173,4
2346395,2346182,2346171,4
2347409,2347182,2347172,4
2348397,2348182,2348170,4
2349422,2349182,2349173,4
2350407,2350182,2350173,4
2351404,2351182,2351173,4
2352415,2352182,2352174,4
2353396,2353182,2353172,4
2354403,2354182,2354172,4
2355426,2355182,2355175,4
2356426,2356182,2356178,4
2357423,2357182,2357180,4
2358412,2358182,2358180,4
2359402,2359182,2359178,4
2360414,2360182,2360178,4
2361408,2361182,2361178,4
2362395,2362182,2362175,4
2363404,2363182,2363174,4
2364405,2364182,2364174,4
2365415,2365182,2365175,4
2366397,2366182,2366173,4
2367417,2367182,2367175,4
2368426,2368182,2368178,4
2369404,2369182,2369177,4
2370394,2370182,2370174,4
2371405,2371182,2371173,4
2372403,2372182,2372173,4
2373425,2373182,2373176,4
2374404,2374182,2374175,4
2375425,2375182,2375178,4
2376404,2376182,2376177,4
2377404,2377182,2377176,4
2378406,2378182,2378175,4
2379426,2379182,2379178,4
2380414,2380182,2380178,4
2381394,2381181,2381175,4
2382404,2382181,2382175,4
2383413,2383181,2383175,4
2384401,2384181,2384174,4
2385425,2385181,2385177,4
2386424,2386181,2386179,4
2387393,2387181,2387176,4
2388398,2388181,2388174,4
2389403,2389181,2389173,4
2390417,2390181,2390175,4
2391402,2391181,2391174,4
2392407,2392181,2392174,4
2393398,2393181,2393172,4
2394406,2394181,2394172,4
2395408,2395181,2395173,4
2396409,2396181,2396173,4
2397427,2397181,2397177,4
2398416,2398181,2398178,4
2399400,2399181,2399176,4
2400410,2400181,2400176,4
2401431,2401181,2401180,4
2402398,2402181,2402177,4
2403420,2403181,2403179,4
2404408,2404181,2404178,4
2405410,2405181,2405178,4
2406407,2406181,2406177,4
2407427,2407181,2407180,4
2408418,2408181,2408181,4
2409410,2409181,2409180,4
2410399,2410181,2410177,4
2411398,2411181,2411175,4
2412399,2412181,2412174,4
2413418,2413181,2413175,4
2414400,2414181,2414174,4
2415410,2415181,2415174,4
2416421,2416181,2416177,4
2417397,2417181,2417174,4
2418407,2418181,2418174,4
2419416,2419181,2419176,4
2420397,2420181,2420174,4
2421425,2421181,2421177,4
2422405,2422181,2422176,4
2423397,2423181,2423174,4
2424395,2424181,2424172,4
2425427,2425181,2425175,4
2426398,2426181,2426173,4
2427414,2427181,2427175,4
2428405,2428181,2428174,4
2429395,2429181,2429172,4
2430400,2430181,2430171,4
2431420,2431181,2431174,4
2432397,2432181,2432172,4
2433415,2433181,2433174,4
2434406,2434181,2434173,4
2435408,2435180,2435174,4
2436408,2436180,2436174,4
2437398,2437180,2437172,4
2438398,2438180,2438171,4
2439407,2439180,2439171,4
2440426,2440180,2440175,4
2441406,2441180,2441175,4
2442416,2442180,2442176,4
2443407,2443180,2443175,4
2444416,2444180,2444177,4
2445398,2445180,2445175,4
2446403,2446180,2446174,4
2447394,2447180,2447171,4
2448402,2448180,2448171,4
2449423,2449180,2449174,4
2450414,2450180,2450175,4
2451395,2451180,2451173,4
2452389,2452180,2452178,3
2453397,2452180,2453177,3
2454392,2452180,2454175,3
2455400,2452180,2455175,3
2456400,2452180,2456175,3
2457402,2452180,2457176,3
2458410,2452180,2458178,3
2459409,2452180,2459179,3
2460401,2452180,2460178,3
2461398,2452180,2461178,3
2462389,2452180,2462175,3
2463418,2452180,2463179,3
2464400,2452180,2464178,3
2465390,2452180,2465176,3
2466389,2452180,2466174,3
2467407,2452180,2467175,3
2468398,2452180,2468175,3
2469420,2452180,2469179,3
2470400,2452180,2470178,3
2471391,2452180,2471176,3
2472391,2452180,2472174,3
2473397,2452180,2473174,3
2474397,2452180,2474174,3
2475408,2452180,2475175,3
2476416,2452180,2476178,3
2477417,2452180,2477181,3
2478396,2452180,2478179,3
2479398,2452180,2479178,3
2480396,2452180,2480177,3
2481415,2452180,2481179,3
2482395,2452180,2482178,3
2483416,2452180,2483180,3
2484395,2452180,2484179,3
2485416,2452180,2485181,3
2486396,2452180,2486179,3
2487406,2452180,2487180,3
2488408,2452180,2488180,3
2489396,2452180,2489179,3
2490395,2452180,2490177,3
2491415,2452180,2491180,3
2492416,2452180,2492182,3
2493415,2452180,2493183,3
2494397,2452180,2494181,3
2495397,2452180,2495180,3
2496394,2452180,2496178,3
2497416,2452180,2497180,3
2498392,2452180,2498178,3
2499405,2452180,2499178,3
2500392,2452180,2500176,3
2501394,2452180,2501175,3
2502392,2452180,2502174,3
2503382,2452180,2503171,3
2504413,2452180,2504174,3
2505395,2452180,2505173,3
2506393,2452180,2506172,3
2507413,2452180,2507175,3
2508389,2452180,2508173,3
2509394,2452180,2509173,3
2510393,2452180,2510172,3
2511405,2452180,2511174,3
2512388,2452180,2512172,3
2513397,2452180,2513172,3
2514389,2452180,2514170,3
2515418,2452180,2515175,3
2516397,2452180,2516174,3
2517398,2452180,2517174,3
2518396,2452180,2518174,3
2519396,2452180,2519173,3
2520390,2452180,2520172,3
2521390,2452180,2521171,3
2522389,2452180,2522170,3
2523391,2452180,2523169,3
2524388,2452180,2524168,3
2525396,2452180,2525169,3
2526388,2452180,2526168,3
2527395,2452180,2527168,3
2528397,2452180,2528169,3
2529408,2452180,2529172,3
2530387,2452180,2530170,3
2531406,2452180,2531172,3
2532398,2452180,2532172,3
2533386,2452180,2533170,3
2534394,2452180,2534170,3
2535399,2452180,2535171,3
2536396,2452180,2536171,3
2537399,2452180,2537172,3
2538395,2452180,2538171,3
2539395,2452180,2539171,3
2540396,2452180,2540171,3
2541391,2452180,2541170,3
2542388,2452180,2542169,3
2543407,2452180,2543172,3
2544397,2452180,2544172,3
2545387,2452180,2545170,3
2546415,2452180,2546174,3
2547408,2452180,2547176,3
2548415,2452180,2548178,3
2549406,2452180,2549179,3
2550408,2452180,2550180,3
2551396,2452180,2551178,3
2552399,2452180,2552178,3
2553396,2452180,2553176,3
2554384,2452180,2554173,3
2555412,2452180,2555176,3
2556384,2452180,2556173,3
2557404,2452180,2557165,4
2558413,2558178,2558167,4
2559413,2559178,2559179,3
2560392,2559178,2560177,3
2561413,2559178,2561179,3
2562381,2559178,2562175,3
2563404,2559178,2563176,3
2564405,2559178,2564176,3
2565387,2559178,2565174,3
2566393,2559178,2566173,3
2567390,2559178,2567172,3
2568383,2559178,2568169,3
2569391,2559178,2569169,3
2570393,2559178,2570169,3
2571379,2559178,2571176,2
2572374,2559178,2572175,2
2573402,2559178,2573176,2
2574395,2559178,2574176,2
2575378,2559178,2575175,2
2576387,2559178,2576174,2
2577389,2559178,2577174,2
2578387,2559178,2578174,2
2579407,2559178,2579176,2
2580408,2559178,2580178,2
2581387,2559178,2581177,2
2582388,2559178,2582177,2
2583390,2559178,2583176,2
2584399,2559178,2584177,2
2585389,2559178,2585177,2
2586382,2559178,2586176,2
2587376,2559178,2587174,2
2588404,2559178,2588176,2
2589405,2559178,2589177,2
2590403,2559178,2590178,2
2591384,2559178,2591177,2
2592398,2559178,2592178,2
2593400,2559178,2593179,2
2594405,2559178,2594180,2
2595405,2559178,2595181,2
2596388,2559178,2596180,2
2597408,2559178,2597182,2
2598377,2559178,2598179,2
2599383,2559178,2599178,2
2600406,2559178,2600179,2
2601378,2559178,2601177,2
2602372,2559178,2602175,2
2603378,2559178,2603173,2
2604390,2559178,2604173,2
2605404,2559178,2605168,3
2606392,2559178,2606168,3
2607385,2559178,2607166,3
2608402,2559178,2608169,3
2609393,2559178,2609160,4
2610402,2610177,2610161,4
2611401,2611177,2611162,4
2612412,2612177,2612165,4
2613398,2613177,2613165,4
2614395,2614177,2614164,4
2615390,2615177,2615163,4
2616402,2616177,2616164,4
2617387,2617177,2617162,4
2618398,2618177,2618163,4
2619388,2619177,2619161,4
2620400,2620177,2620162,4
2621401,2621177,2621163,4
2622410,2622177,2622165,4
2623411,2623177,2623167,4
2624398,2624177,2624167,4
2625422,2625177,2625171,4
2626400,2626177,2626170,4
2627398,2627177,2627169,4
2628409,2628177,2628170,4
2629414,2629177,2629172,4
2630388,2630177,2630169,4
2631419,2631177,2631172,4
2632408,2632177,2632172,4
2633411,2633177,2633173,4
2634402,2634177,2634172,4
2635419,2635177,2635175,4
