0
-443
0
0
0
0
0
0
0
0
0
0
-493
0
0
0
0
-473
0
-487
0
0
0
0
-484
0
0
0
0
0
0
0
0
0
0
0
0
0
0
0
0
0
0
0
0
0
0
0
0
0
0
0
0
0
0
0
0
0
0
0
0
0
0
0
0
-498
0
0
0
0
0
0
0
0
0
0
0
0
0
0
0
0
0
0
0
0
0
0
0
0
0
0
0
-483
0
0
0
0
0
-470
0
0
0
-458
0
0
-487
0
0
0
-473
0
-476
0
0
0
0
0
0
0
0
0
0
0
0
-330
-473
0
0
0
0
0
0
-458
0
0
0
0
-488
0
0
-479
0
-481
0
0
0
0
0
0
0
0
0
0
0
0
0
0
0
0
0
0
-499
-486
-494
0
0
0
0
0
0
0
0
0
0
0
0
0
0
0
0
0
0
0
0
-436
0
-429
0
0
0
0
0
0
0
0
0
0
0
0
0
0
0
0
0
0
0
0
0
-498
-497
0
0
0
0
0
0
0
-424
0
0
0
0
0
0
0
0
0
0
0
0
0
0
0
0
0
0
0
0
0
0
0
0
-478
0
0
0
0
0
0
0
0
0
-485
-494
0
0
0
0
0
0
0
0
0
0
0
0
0
0
0
0
0
0
0
-474
0
0
0
0
0
0
0
0
0
0
0
0
0
0
0
0
0
0
0
0
0
0
0
0
0
0
0
0
0
0
0
0
0
0
0
0
-394
0
0
0
0
0
0
0
0
0
0
0
0
0
0
0
0
0
0
0
0
0
0
0
0
0
0
0
0
0
0
0
0
0
0
0
0
-498
0
0
-492
0
-499
0
0
0
0
0
0
0
0
0
0
0
0
-478
0
0
-484
0
0
0
-449
0
0
0
0
-442
0
0
0
0
0
0
0
0
0
0
0
-477
0
0
0
0
-484
0
0
-485
0
0
0
0
0
0
0
0
0
0
0
0
0
0
0
0
0
-422
0
0
0
0
0
0
0
0
0
0
0
-490
0
0
0
0
0
0
0
0
0
0
-480
0
0
0
0
0
0
0
-477
0
0
0
0
0
0
-475
0
-491
0
0
0
-476
0
0
0
0
0
-414
0
0
0
-495
0
0
0
0
0
0
0
0
0
0
0
0
0
0
0
0
0
0
0
0
0
0
0
0
0
0
-463
0
0
0
0
0
0
0
0
0
0
-499
0
0
0
0
0
0
0
0
0
0
0
-492
0
0
0
0
0
0
0
0
0
0
0
0
0
0
0
0
0
0
0
0
0
0
0
-495
-487
0
-483
0
0
0
0
0
0
0
0
0
0
0
0
0
0
0
0
0
0
0
0
0
0
0
0
-488
0
0
0
0
0
0
0
0
0
0
0
-484
-478
0
0
0
-431
-440
0
0
0
0
0
0
-462
0
0
0
-460
-498
0
0
0
0
0
0
0
0
0
0
0
0
0
-493
0
-474
0
0
0
0
0
0
0
0
0
0
0
0
0
-498
0
0
0
0
0
0
0
0
0
0
0
0
0
0
0
0
0
0
0
-485
0
0
0
0
0
0
0
0
0
0
0
0
0
0
0
0
0
0
0
0
0
-491
0
0
-465
-478
0
0
0
0
-375
0
0
-499
0
-469
0
0
0
0
0
0
0
-493
-494
0
0
0
0
0
-470
0
0
0
0
0
0
0
0
0
0
0
-480
0
0
0
-459
0
0
0
0
0
0
0
0
0
-494
-471
0
0
0
0
-488
0
-484
0
0
-472
0
0
0
0
-488
0
0
0
0
0
0
0
0
0
-477
0
0
0
0
0
0
0
0
0
0
-484
0
0
0
0
0
0
0
-465
0
0
0
0
0
0
0
0
0
0
0
0
-497
0
0
0
0
-492
0
0
0
0
0
0
-476
0
0
0
0
-448
0
0
-409
0
0
0
-489
0
0
0
0
0
0
-452
0
-457
0
0
-459
0
0
0
0
-482
0
0
0
0
0
-407
0
-482
0
0
0
0
0
0
0
0
0
0
0
0
0
0
0
0
0
0
0
0
0
0
0
0
0
0
0
-456
0
0
0
0
-495
0
0
0
0
0
0
0
0
0
-474
0
0
0
0
0
0
0
-479
0
0
0
0
0
0
-454
0
0
-471
0
-449
-473
0
0
0
-490
0
0
0
-471
0
-461
0
0
-461
0
0
-458
0
0
0
0
0
0
0
0
0
-492
0
0
-446
0
-475
0
0
0
-402
0
0
0
0
0
0
-458
0
-444
0
0
0
-442
0
0
0
0
0
0
0
0
-498
0
0
0
0
-483
0
0
0
0
0
0
0
0
0
-494
0
0
0
0
0
0
0
0
0
0
0
0
0
-405
-481
0
0
0
0
0
-483
0
0
0
0
0
0
0
-466
-451
0
0
0
-469
-455
0
0
0
0
0
0
0
-488
0
0
-494
0
0
0
-484
0
-338
-484
0
0
0
0
0
0
0
0
-483
0
-495
0
0
-485
0
0
0
-490
0
0
0
0
0
0
0
0
0
0
0
0
0
0
0
0
0
0
-356
0
0
0
0
0
0
0
0
0
0
0
0
0
0
0
0
-489
0
0
0
0
0
-482
-452
0
-464
-446
0
0
0
-474
0
-471
0
0
-456
0
0
0
0
0
0
-481
0
0
-489
0
0
0
0
0
0
0
-455
0
0
0
0
0
0
0
0
-470
0
0
0
0
0
0
0
-486
-497
0
0
0
-480
-491
0
0
0
0
0
0
0
0
0
0
0
0
0
0
-476
0
0
0
0
0
0
0
0
0
-490
-474
0
0
0
0
0
0
0
0
0
0
0
-470
0
0
0
0
0
0
0
0
0
0
0
0
0
0
0
0
0
0
0
0
0
0
0
0
0
0
0
0
0
0
0
0
-495
0
0
0
0
0
-417
0
0
0
0
0
-486
-486
0
0
-492
0
0
-486
0
0
0
0
-480
-455
0
-465
0
-447
-468
0
0
-491
-472
-493
0
-492
0
0
0
-493
-452
0
-489
0
-466
-454
0
0
0
0
0
0
0
-435
0
0
-470
0
0
-458
-388
0
0
0
0
0
0
0
0
0
0
0
0
0
0
-450
0
0
0
0
0
-480
0
-478
0
0
0
0
0
0
0
0
-466
-473
-459
0
-450
0
0
0
0
0
0
0
0
0
0
0
0
0
0
0
0
0
0
0
0
0
0
0
0
0
0
-452
0
0
0
0
0
0
0
-481
-499
0
0
0
0
0
0
-492
0
0
0
0
0
0
0
0
0
0
0
0
0
-409
0
0
0
0
-417
0
0
0
0
0
0
-479
0
0
-483
0
-483
0
0
0
0
0
0
0
0
0
0
0
0
0
0
0
0
0
0
0
0
0
0
0
0
0
-478
0
0
0
0
0
0
0
0
0
0
0
0
0
0
0
0
0
0
0
0
0
0
0
0
0
0
0
0
0
0
0
0
0
0
0
0
0
-494
-416
0
0
0
0
0
0
-468
0
0
0
-470
0
0
0
0
0
-483
0
-484
0
0
-493
0
0
0
0
0
-482
0
0
0
-474
0
-490
0
0
-457
0
0
0
0
0
0
0
0
0
0
0
-480
0
0
0
0
0
0
0
0
0
-465
0
0
0
0
0
0
0
0
0
0
0
0
0
0
0
0
0
0
0
-491
0
0
0
0
0
0
0
0
-430
0
0
-494
0
-464
-489
0
-456
0
-448
0
0
0
0
-461
0
0
0
0
0
-479
0
0
0
0
-491
0
0
0
-420
0
0
0
0
0
0
0
0
0
0
0
0
0
0
0
0
0
0
-463
0
0
0
0
0
0
0
0
0
0
0
0
0
0
0
0
0
0
0
0
0
-464
0
0
0
0
0
0
-474
-474
0
0
0
0
-478
0
0
-499
0
0
0
-472
0
-462
0
0
-457
0
-462
0
0
0
0
0
-403
0
0
-482
0
-417
0
0
0
0
-463
0
0
0
0
-477
-463
0
0
0
-498
0
0
0
0
0
0
0
0
-478
0
0
0
0
0
0
0
0
0
0
-485
0
0
0
0
0
0
0
-473
0
0
0
0
0
0
0
0
0
-473
0
0
0
0
0
0
0
0
0
0
0
0
0
0
0
0
-455
0
0
0
0
-482
0
0
0
-480
-466
-458
0
0
0
0
0
-484
0
0
0
0
0
-435
-489
0
0
0
0
0
-488
0
0
0
0
-468
0
0
-469
0
0
-436
0
0
0
0
0
-490
0
0
0
0
0
0
0
-451
0
-480
0
0
0
-445
0
0
0
0
0
-478
0
0
-446
0
0
0
-469
0
0
0
0
-380
0
0
0
0
0
-366
0
-465
0
0
0
0
0
0
0
0
-448
0
-448
0
0
0
0
0
0
-492
-457
0
0
0
-454
0
0
0
-470
0
-450
0
-467
0
-452
0
0
0
0
0
0
-460
0
0
0
-466
0
-451
0
0
0
0
0
0
0
0
0
-499
0
0
0
0
-445
0
0
-477
0
0
0
0
-428
0
0
0
0
-492
-491
-489
0
0
-490
0
-499
0
0
0
0
0
0
0
0
-474
-496
-464
0
-461
0
0
0
0
-485
0
0
0
0
0
0
0
0
-395
0
0
0
0
0
0
0
0
0
0
0
0
0
-395
0
0
0
0
0
0
-466
0
-491
0
0
0
0
0
0
0
0
0
0
0
-478
-485
-473
-376
0
