288
293
115
236
236
219
224
240
220
250
241
234
224
231
224
229
250
230
273
288
266
285
278
266
266
270
276
269
272
267
283
287
274
270
290
272
264
278
282
292
281
266
275
277
266
283
287
267
274
286
295
277
284
274
285
280
280
268
295
276
274
305
295
274
288
276
276
284
274
276
292
274
274
276
282
294
276
271
266
288
283
286
278
276
274
275
276
293
286
267
274
279
276
268
274
293
293
277
294
283
286
285
272
281
276
284
280
280
277
290
268
276
275
274
266
287
275
292
286
274
266
276
264
266
287
264
292
276
280
280
278
285
272
269
284
293
294
278
294
283
292
274
276
274
274
278
264
282
268
293
290
285
266
264
280
284
274
276
283
285
279
280
269
285
274
283
272
265
285
282
277
265
293
264
264
269
282
276
284
265
282
282
275
272
277
291
267
276
265
274
284
293
266
285
265
264
274
282
294
279
291
266
282
291
290
285
272
263
284
272
274
293
274
274
297
275
282
285
274
284
293
274
275
284
271
275
285
296
277
282
270
272
304
273
280
298
272
285
287
276
272
284
284
282
297
281
274
293
282
266
273
266
284
274
266
282
294
268
282
287
266
282
286
281
274
276
272
282
274
270
280
274
261
272
273
280
270
276
272
286
277
272
281
274
261
260
289
271
272
294
270
269
281
262
272
278
292
292
279
290
269
272
261
279
268
270
274
283
268
272
284
280
270
268
270
272
273
279
289
269
270
270
267
272
261
264
270
261
281
280
280
269
263
291
287
262
274
268
263
280
264
279
280
266
269
263
282
272
282
297
274
273
280
278
279
267
263
286
270
263
290
285
281
288
288
275
267
289
268
269
272
278
285
280
287
267
270
259
270
286
270
260
275
272
259
276
282
270
282
267
265
266
270
270
296
271
262
275
263
272
280
263
261
274
278
259
275
271
284
275
264
273
294
268
280
290
271
278
272
264
272
294
264
288
282
280
261
295
270
260
277
268
271
272
288
291
301
266
266
280
283
262
282
279
260
279
270
290
281
279
271
273
289
272
298
265
294
304
267
292
282
264
265
276
267
264
282
274
271
282
269
262
264
289
271
270
270
278
278
270
269
275
264
264
287
272
262
284
280
272
285
284
270
294
265
263
274
284
290
286
262
279
294
274
281
272
290
280
288
270
271
290
