536
36
14
0
-6
-8
-360
-266
-200
-158
-129
-115
-111
-110
-108
-104
-106
-101
-100
-100
-101
-99
-102
-100
-97
-98
-102
-102
-98
-95
-94
-92
-93
-96
-96
-101
-99
-97
-98
-97
-98
-98
-95
-102
-102
-100
-102
-102
-104
-104
-106
-100
-100
-100
-98
-99
-98
-94
-92
-100
-101
-102
-101
-103
-99
-102
-99
-96
-96
-96
-96
-96
-94
-96
-95
-96
-96
-97
-100
-100
-97
-101
-98
-99
-100
-101
-99
-97
-100
-101
-101
-102
-104
-102
-100
-99
-100
-102
-99
-101
-100
-101
-103
-102
-98
-94
-97
-98
-98
-98
-88
-90
-90
-94
-91
-90
-86
-79
-78
-79
-78
-77
-76
-74
-78
-84
-90
-88
-87
-89
-84
-85
-88
-93
-96
-98
-100
-98
-99
-101
-101
-103
-102
-100
-101
-103
-102
-101
-100
-104
-106
-106
-107
-104
-102
-102
-103
-99
-100
-97
-98
-97
-97
-98
-101
-98
-98
-98
-100
-97
-98
-98
-100
-104
-100
-100
-98
-97
-94
-98
-95
-97
-97
-95
-96
-95
-94
-95
-95
-95
-94
-95
-94
-97
-99
-100
-98
-98
-98
-97
-99
-98
-97
-100
-99
-100
-102
-103
-101
-102
-100
-99
-101
-102
-101
-102
-102
-102
-104
-100
-100
-102
-98
-98
-98
-96
-98
-103
-102
-101
-102
-101
-101
-104
-101
-102
-105
-106
-105
-106
-107
-108
-109
-108
-110
-110
-108
-110
-112
-112
-108
-108
-108
-106
-106
-106
-106
-106
-108
-108
-95
-93
-93
-92
-94
-93
-93
-95
-98
-98
-98
-97
-96
-94
-94
-97
-93
-92
-94
-95
-96
-98
-97
-97
-101
-101
-102
-101
-100
-97
-101
-98
-97
-92
-94
-94
-98
-93
-94
-96
-98
-97
-98
-98
-99
-98
-96
-95
-94
-96
-97
-99
-99
-100
-97
-97
-95
-96
-93
-94
-98
-98
-96
-95
-95
-96
-96
-98
-98
-98
-96
-98
-99
-98
-99
-99
-100
-99
-99
-97
-97
-98
-99
-98
-100
-99
-98
-98
-96
-99
-98
-95
-96
-98
-100
-116
-115
-114
-110
-110
-108
-106
-107
-107
-111
-110
-108
-103
-103
-100
-98
-103
-105
-103
-106
-106
-106
-105
-106
-104
-103
-101
-103
-103
-103
-99
-105
-103
-104
-106
-109
-108
-108
-107
-108
-111
-108
-110
-112
-114
-112
-110
-112
-110
-110
-113
-110
-111
-110
-108
-109
-106
-110
-109
-107
-107
-108
-110
-96
-99
-100
-100
-98
-98
-96
-99
-97
-96
-96
-96
-95
-97
-95
-95
-95
-94
-93
-94
-95
-96
-96
-96
-99
-98
-99
-95
-98
-97
-96
-98
-98
-114
-114
-113
-108
-111
-109
-110
-107
-104
-103
-103
-103
-106
-107
-104
-106
-107
-107
-104
-106
-108
-109
-107
-107
-108
-109
-110
-110
-113
-115
-118
-115
-114
-109
-108
-103
-100
-99
-98
-98
-99
-100
-102
-102
-106
-103
-102
-100
-102
-101
-102
-103
-104
-103
-100
-101
-100
-98
-100
-99
-101
-104
-105
-104
-104
-106
-102
-100
-99
-100
-104
-102
-101
-102
-107
-103
-100
-99
-98
-100
-99
-96
-99
-102
-100
-99
-99
-94
-93
-94
-89
-86
-85
-88
-93
-92
-88
-83
-82
-80
-76
-82
-82
-79
-83
-81
-86
-89
-81
-68
-72
-76
-80
-85
-89
-95
-98
-99
-99
-98
-98
-100
-102
-104
-102
-104
-103
-103
-104
-106
-108
-108
-104
-102
-100
-101
-103
-104
-104
-104
-102
-102
-104
-99
-96
-100
-102
-104
-104
-104
-104
-106
-106
-105
-102
-101
-101
-102
-102
-102
-105
-103
-101
-101
-97
-98
-95
-96
-98
-102
-100
-98
-101
-97
-100
-99
-98
-100
-100
-100
-100
-104
-104
-106
-107
-103
-101
-97
-97
-96
-94
-96
-94
-96
-96
-96
-98
-96
-95
-98
-100
-100
-99
-99
-99
-99
-98
-96
-97
-98
-97
-95
-93
-97
-99
-98
-97
-98
-100
-100
-100
-100
-102
-104
-102
-102
-99
-98
-97
-96
-95
-93
-95
-93
-97
-104
-105
-103
-101
-99
-100
-99
-97
-98
-100
-102
-100
-101
-100
-96
-96
-95
-96
-97
-99
-101
-101
-100
-101
-99
-98
-98
-100
-100
-102
-103
-107
-106
-104
-102
-102
-106
-106
-106
-106
-104
-106
-107
-109
-109
-108
-108
-110
-112
-109
-110
-112
-113
-114
-114
-114
-114
-111
-109
-110
-110
-112
-112
-114
-114
-113
-113
-110
-109
-112
-115
-111
-108
-106
-105
-104
-103
-99
-99
-98
-96
-95
-97
-97
-96
-100
-98
-97
-99
-96
-95
-97
-97
-96
-96
-94
-95
-99
-96
-97
-97
-98
-95
-94
-97
-97
-97
-100
-98
-96
-97
-100
-98
-98
-99
-116
-115
-99
-104
-102
-101
-103
-102
-104
-106
-105
-107
-108
-106
-103
-105
-106
-104
-104
-104
-106
-106
-109
-110
-112
-110
-107
-102
-104
-105
-105
-104
-105
-103
-101
-103
-102
-100
-101
-100
-104
-110
-109
-106
-109
-106
-112
-110
