283
292
285
293
293
286
299
272
286
291
283
272
281
299
276
272
272
282
291
283
296
296
284
284
281
291
276
291
291
279
268
266
286
286
280
280
293
283
276
292
292
291
291
295
293
288
291
283
281
281
280
280
290
289
299
299
294
296
296
288
308
308
292
288
275
267
277
288
288
292
292
282
280
298
278
285
285
293
296
292
284
311
289
292
284
303
310
299
303
282
289
292
296
298
292
292
293
293
293
289
299
291
299
294
289
308
293
284
305
279
295
287
286
286
297
280
280
300
304
290
296
289
296
296
308
298
299
279
301
308
308
300
292
281
297
291
291
289
288
271
271
300
282
289
282
282
296
294
282
283
288
308
313
291
284
287
296
276
289
295
279
284
266
277
277
277
272
276
276
274
273
273
273
284
279
274
281
283
283
296
268
296
278
287
280
280
288
276
281
276
267
271
271
279
310
290
296
298
287
298
287
276
288
288
292
285
291
288
297
286
294
285
285
275
276
296
294
285
307
307
274
289
298
284
311
285
294
297
280
297
297
292
276
276
291
274
296
292
290
291
291
296
294
276
285
306
284
295
289
289
284
283
306
281
292
286
294
292
292
295
290
298
303
283
295
291
293
293
287
300
303
301
297
287
287
293
275
284
300
296
303
303
304
283
285
295
285
295
295
285
290
296
280
299
286
295
288
288
290
287
295
287
287
286
293
287
295
285
297
297
271
289
285
295
293
292
276
298
287
297
297
294
283
284
307
309
297
289
288
288
289
294
288
303
295
284
284
295
280
273
286
296
276
278
298
282
297
278
277
267
267
295
287
288
284
266
273
273
284
275
278
275
288
285
285
285
296
276
279
278
276
278
279
276
288
274
265
265
285
275
275
275
273
282
293
283
282
277
277
289
296
288
294
285
296
284
299
277
282
297
290
280
295
288
286
289
290
287
296
286
282
270
270
287
294
286
279
297
278
278
290
281
298
268
290
271
271
288
297
287
296
286
270
278
282
287
289
279
288
287
287
287
288
287
290
287
278
278
287
289
276
287
290
290
298
277
277
284
298
285
279
277
276
278
293
279
297
291
296
286
305
304
295
287
287
300
283
283
288
304
304
290
272
279
275
276
284
284
303
275
284
295
295
288
292
278
289
268
270
270
299
298
298
282
269
287
290
277
279
268
279
281
273
280
288
288
283
298
272
277
277
287
278
278
280
285
278
278
269
280
290
287
277
278
279
288
288
300
297
282
294
285
301
301
295
278
288
289
292
276
276
290
280
294
287
277
278
280
300
297
282
282
279
300
290
287
302
294
294
287
297
297
292
286
299
278
286
276
279
283
287
298
284
268
268
274
289
297
297
276
268
268
267
295
266
284
284
286
293
293
278
286
286
273
268
287
297
278
282
282
276
280
269
271
291
278
278
265
288
288
270
277
287
277
275
275
276
284
277
276
266
288
288
277
266
276
277
275
278
278
272
265
287
276
276
276
278
266
266
266
295
295
265
266
267
267
267
286
284
284
272
274
274
264
273
273
265
267
267
284
286
286
266
285
267
267
285
275
275
263
263
265
270
276
273
273
296
272
272
274
280
294
289
277
271
273
265
272
286
286
262
272
265
267
281
266
273
287
287
276
279
275
296
296
277
276
286
285
292
287
287
286
275
275
277
272
280
280
280
273
272
272
275
273
273
284
285
269
286
265
277
277
276
262
262
265
270
270
267
271
261
262
296
286
286
288
276
276
278
268
268
276
266
265
287
262
263
285
285
284
294
277
267
275
285
295
281
276
285
285
266
264
264
285
268
268
296
266
266
279
289
289
268
293
302
285
285
271
285
281
284
273
268
268
298
280
280
277
267
267
284
276
276
286
267
291
283
283
288
304
288
278
285
267
267
287
288
288
288
264
268
268
288
291
291
283
279
279
285
298
298
294
279
279
276
274
276
287
287
277
266
266
286
268
268
286
287
287
286
268
268
276
297
285
287
287
274
290
290
294
270
280
281
281
280
295
295
289
290
290
278
277
277
299
291
290
279
278
278
280
273
273
277
288
267
301
301
280
282
282
300
270
270
268
285
285
296
288
288
270
286
286
288
289
289
279
270
270
279
275
289
289
285
296
296
285
296
296
288
286
286
298
282
282
288
289
289
269
271
271
295
276
285
267
267
274
275
279
279
278
270
270
295
278
278
278
290
290
276
277
277
289
288
288
277
267
267
277
277
288
297
297
276
293
293
296
296
296
293
287
292
287
287
286
281
281
303
296
296
294
292
292
294
292
293
293
288
296
296
286
292
292
278
285
285
291
287
278
278
287
282
282
281
283
277
281
281
277
276
276
295
289
289
290
289
289
274
281
292
287
287
277
294
294
312
285
285
285
302
295
289
274
306
306
295
286
286
283
289
300
276
276
279
279
279
297
270
270
292
277
277
279
279
288
292
287
289
277
277
280
293
293
263
280
280
263
276
276
284
263
263
260
287
287
271
280
273
260
260
259
280
280
261
261
261
289
241
241
256
268
268
278
269
269
278
280
280
289
291
280
278
270
270
278
256
256
255
269
269
261
280
280
271
280
280
278
266
279
279
270
283
283
260
287
282
287
287
286
268
268
268
285
285
266
268
268
290
289
289
279
286
286
292
259
259
277
266
295
277
282
282
274
284
284
274
282
282
276
284
284
273
282
282
297
289
289
285
293
293
264
282
281
291
276
267
257
276
281
281
272
272
272
272
281
281
260
266
266
272
270
270
289
284
284
282
280
261
288
288
279
280
280
270
289
289
279
233
233
261
280
280
260
281
281
290
260
260
281
260
271
279
270
282
282
263
291
291
281
284
284
268
281
281
259
266
269
260
277
277
269
266
266
273
283
278
268
268
278
270
270
277
271
271
272
261
261
270
270
270
281
260
260
290
270
270
260
293
278
278
261
261
288
258
258
272
269
269
271
267
267
276
259
259
271
264
264
267
265
265
278
279
267
268
278
278
275
258
268
268
287
277
277
257
269
269
268
273
273
279
268
268
289
287
287
267
256
278
262
262
273
278
278
281
280
280
261
278
278
258
279
279
280
266
266
266
268
268
279
270
272
272
277
277
268
260
260
258
277
277
258
268
268
259
278
278
289
267
257
257
268
281
281
269
257
258
267
267
259
278
278
280
240
240
239
240
240
249
240
240
231
241
241
230
238
238
251
231
242
231
238
238
233
242
242
249
252
252
238
249
249
240
241
241
252
289
289
233
261
261
267
268
275
266
268
268
295
293
283
283
282
275
275
275
275
275
281
278
278
272
280
280
280
304
304
305
293
273
291
291
284
280
280
299
290
290
293
301
301
274
291
291
281
265
265
273
290
290
275
300
292
283
282
280
280
295
277
277
276
291
291
274
275
275
274
254
282
284
294
294
287
295
295
249
299
275
285
285
265
274
274
275
264
264
238
276
276
286
238
238
265
265
265
284
264
264
287
273
245
256
256
267
267
247
239
239
258
257
257
246
268
268
258
251
251
246
266
266
256
261
261
244
296
275
277
277
278
276
291
291
268
295
295
267
295
295
267
279
279
274
275
275
266
298
298
287
266
266
286
286
266
265
265
277
275
275
274
268
268
266
277
277
277
276
276
267
266
266
288
275
277
274
267
267
276
284
284
285
273
273
274
275
275
275
276
276
288
263
272
272
268
276
276
284
266
275
277
277
282
264
264
249
245
245
256
237
237
273
236
236
264
245
245
246
236
236
242
242
243
242
236
236
239
245
269
262
262
237
241
241
231
252
252
246
272
272
241
268
268
251
247
247
252
259
259
244
268
243
253
253
258
251
245
245
244
271
271
253
261
261
251
254
254
238
264
264
238
255
246
260
254
283
283
247
265
286
261
233
233
262
255
237
274
281
281
257
281
281
294
243
264
290
270
270
243
234
271
262
244
244
270
252
252
272
252
252
297
253
252
252
289
291
291
274
238
277
250
277
286
284
284
277
286
254
258
286
286
246
267
267
276
294
294
249
297
297
260
251
250
257
258
263
263
260
258
258
261
247
268
268
248
264
264
258
253
253
246
275
275
285
245
245
272
246
258
245
244
261
245
245
255
256
237
245
248
248
248
250
250
264
287
287
244
272
272
259
256
263
256
258
238
279
277
240
249
254
278
259
281
281
266
251
251
269
266
266
264
290
290
256
265
257
278
261
285
268
248
250
247
270
247
239
239
238
248
248
240
246
258
258
247
259
259
248
234
239
246
271
241
238
257
249
239
251
249
249
270
239
238
243
247
237
237
238
259
252
238
249
248
238
239
261
268
239
237
238
235
235
251
259
259
243
249
249
261
246
266
268
248
248
244
247
248
247
242
252
248
238
277
238
245
261
237
258
245
264
272
244
243
243
244
264
270
257
275
275
274
236
236
288
257
244
265
266
240
247
281
239
239
267
289
289
274
276
276
286
287
299
299
267
285
274
266
298
266
268
275
275
295
295
270
269
277
277
270
277
280
284
282
282
273
286
283
283
274
285
272
281
303
282
294
284
274
287
266
284
265
285
283
288
285
263
265
296
273
290
274
277
275
275
277
285
296
264
275
266
287
271
272
306
303
278
268
242
242
266
238
237
238
249
246
248
240
237
245
252
237
237
248
247
246
258
237
236
237
248
240
245
269
239
236
248
273
299
245
234
243
263
243
257
253
283
271
274
287
282
271
277
272
271
273
275
273
296
274
273
272
281
277
277
294
275
278
287
287
286
294
268
288
279
277
296
269
252
272
284
278
274
277
287
293
271
276
283
293
276
293
279
278
269
298
277
297
298
285
288
277
295
279
293
288
289
269
288
288
276
282
260
279
287
287
288
288
295
278
276
284
282
278
267
295
257
279
253
251
241
239
250
257
245
240
250
258
249
269
248
241
240
249
269
241
258
260
261
250
243
260
261
241
257
239
236
257
259
239
257
248
237
248
252
247
237
256
258
239
253
248
247
258
267
270
243
288
267
293
251
238
290
238
248
267
248
267
295
276
256
278
268
246
277
237
245
246
266
273
262
265
240
246
248
265
299
258
268
268
245
268
251
247
250
248
246
260
251
256
244
245
243
237
251
249
248
264
262
242
261
232
262
256
244
235
254
238
235
243
244
239
260
239
239
241
247
250
259
249
247
237
238
241
261
249
239
239
274
268
291
275
259
270
274
257
285
266
267
275
278
268
284
258
269
260
258
257
263
256
278
260
267
257
273
267
258
260
267
279
273
266
266
258
260
286
279
269
258
264
284
275
262
277
266
259
265
267
288
274
266
265
275
274
268
258
275
258
265
267
290
267
265
263
274
267
287
273
263
276
247
237
279
273
273
238
265
285
287
272
266
271
246
236
247
265
275
245
245
265
269
246
266
238
244
245
250
275
246
274
239
244
269
255
247
237
264
245
252
246
243
246
248
293
262
294
272
246
258
272
252
274
265
237
238
237
268
272
266
276
274
237
258
266
263
255
237
275
277
266
238
276
238
237
249
237
238
236
237
238
253
236
250
246
237
230
250
257
247
239
240
256
242
236
232
233
238
230
242
237
237
247
258
239
248
255
255
240
237
242
245
230
228
238
230
230
239
232
236
233
230
240
252
229
228
238
230
231
242
230
238
240
230
242
262
251
232
242
239
233
246
252
241
240
227
236
248
245
248
258
239
246
252
249
240
248
239
239
252
237
246
236
243
255
259
244
243
247
252
234
255
238
243
240
242
242
266
243
230
237
237
240
240
229
232
233
239
238
248
259
241
240
238
249
231
252
230
236
239
239
229
243
249
237
240
258
243
232
239
237
229
246
230
251
249
241
229
231
239
236
240
231
249
231
241
239
250
240
230
251
240
241
257
228
238
249
230
233
229
237
229
259
229
244
229
230
246
257
238
259
229
235
247
238
230
243
239
252
239
238
240
233
239
228
258
229
228
233
247
240
232
239
252
234
249
230
238
248
249
247
248
228
228
230
225
244
229
250
241
242
250
234
236
237
237
236
237
249
235
227
225
225
227
248
225
250
236
247
234
233
237
246
235
231
245
263
235
235
238
249
240
242
239
240
239
246
230
238
238
251
247
239
230
236
247
229
261
259
231
241
259
259
241
260
231
246
237
238
244
229
236
242
238
260
234
239
227
259
248
239
237
239
239
217