-1
237
246
256
256
253
268
268
246
246
236
236
277
277
252
252
269
252
275
275
270
270
269
270
271
271
265
265
264
264
254
254
264
264
254
254
286
286
264
264
283
283
278
278
254
254
272
253
271
281
281
256
256
261
261
252
252
261
261
262
262
264
264
229
229
224
224
264
264
256
256
254
269
256
256
255
255
263
287
287
262
274
274
256
256
267
267
255
259
259
281
281
257
257
267
262
259
259
258
258
270
270
271
271
257
257
259
259
260
260
269
269
267
288
288
279
279
268
268
268
284
268
268
275
275
254
254
264
264
249
249
273
273
258
258
268
258
258
276
276
249
249
264
259
289
277
277
268
278
278
280
280
268
268
259
259
267
267
267
253
253
254
254
249
263
263
229
264
237
271
271
226
226
248
248
268
268
265
265
273
273
270
270
257
257
264
264
264
264
262
262
255
288
254
254
265
265
281
281
263
263
258
258
260
260
277
277
257
257
276
276
267
267
280
280
279
264
233
233
277
277
239
239
256
256
272
272
263
263
269
269
275
275
275
275
258
258
273
273
286
284
265
265
255
255
257
257
272
272
267
267
286
286
285
285
265
265
264
264
275
275
263
263
266
289
257
257
267
267
257
257
265
265
264
264
270
270
271
271
276
276
262
262
255
255
258
258
280
283
266
266
274
274
272
272
267
267
272
272
271
271
262
262
272
272
283
283
282
282
265
265
281
286
262
262
263
263
264
264
254
254
274
274
264
264
274
274
264
264
278
278
283
283
284
284
264
274
267
267
282
282
276
276
258
258
267
267
265
265
260
269
269
277
277
296
296
267
267
284
271
278
278
264
264
275
275
296
296
266
266
264
264
295
295
259
259
261
261
266
266
258
258
267
270
270
270
257
257
260
260
297
297
257
257
271
271
283
283
279
279
253
253
274
274
273
272
272
264
292
259
259
261
261
254
254
259
259
279
279
260
260
249
249
259
259
261
261
260
260
264
264
267
292
273
273
259
259
247
247
259
259
240
240
240
240
249
249
247
247
247
247
239
239
264
264
255
271
248
248
237
237
253
253
260
260
259
259
258
258
265
265
265
265
246
246
259
259
265
265
252
266
267
267
259
259
251
251
257
257
260
260
259
259
260
260
250
250
257
257
257
257
258
258
265
267
264
264
257
257
280
280
249
249
275
275
245
245
252
252
246
246
250
250
254
254
264
264
262
251
260
260
254
254
268
268
270
270
241
241
259
259
244
244
242
242
270
270
262
262
253
253
269
273
252
252
252
252
268
268
275
275
267
267
267
267
252
252
247
247
262
262
259
259
269
269
254
265
255
255
262
262
262
262
247
247
253
253
261
261
270
270
259
259
259
259
264
264
254
254
273
258
258
258
247
247
252
252
245
245
267
267
262
262
244
244
270
270
268
268
253
253
270
270
254
283
258
258
245
245
253
253
259
259
252
252
245
245
262
262
270
270
276
276
270
270
277
277
277
277
283
283
284
284
273
273
264
264
256
256
272
272
265
265
270
270
256
256
253
253
248
248
254
289
248
257
248
248
249
249
251
251
240
240
240
240
258
258
266
266
242
242
252
252
269
269
260
256
229
229
250
250
242
242
266
266
252
252
259
259
259
259
244
244
249
249
260
260
262
262
255
263
272
272
262
262
263
263
265
265
269
269
259
259
266
266
282
282
280
280
256
256
256
256
257
265
273
273
267
267
259
259
279
279
252
252
249
249
255
255
265
265
253
253
260
260
258
258
271
271
282
282
264
264
263
263
260
260
265
265
264
264
271
271
266
266
272
272
253
253
264
264
265
294
264
250
267
267
249
249
247
247
260
260
256
256
247
247
266
266
259
259
254
254
273
273
249
268
252
252
264
264
264
264
264
264
255
255
266
266
252
252
271
271
261
261
268
268
247
247
242
252
243
243
253
253
271
271
265
265
267
267
277
277
271
271
272
272
280
280
280
280
278
278
261
300
264
264
262
262
263
263
264
264
255
255
270
270
269
269
281
281
262
262
262
262
279
279
276
287
274
274
278
278
288
288
262
262
293
293
280
280
262
262
262
262
276
276
258
258
257
257
266
263
259
259
260
260
275
275
271
271
290
290
280
280
274
274
272
272
293
293
269
269
280
280
273
307
272
272
287
287
268
268
283
283
275
275
261
261
272
272
285
285
275
275
274
274
284
284
259
294
260
260
275
275
266
266
261
261
259
259
275
275
275
275
276
276
268
268
258
258
289
289
271
273
279
279
270
270
270
270
267
267
257
257
263
263
279
279
279
279
260
260
267
267
275
275
265
274
266
266
250
250
273
273
261
261
267
267
270
270
269
269
271
271
250
250
268
268
242
242
260
277
277
259
249
249
259
259
259
259
278
278
271
271
268
268
262
262
259
259
250
250
252
252
260
283
260
260
253
253
252
252
267
267
259
259
269
269
266
266
288
288
287
287
269
269
272
272
268
270
287
287
267
267
268
268
269
269
266
266
285
285
275
275
259
259
283
283
265
265
284
284
266
268
269
269
261
261
262
262
269
269
262
262
274
274
282
282
266
266
259
259
258
258
274
274
268
267
277
277
265
265
272
272
282
282
265
265
268
268
257
257
282
282
254
254
267
267
279
279
263
267
270
255
256
256
278
278
254
254
268
268
268
268
260
260
263
263
289
289
278
278
277
277
280
296
288
288
267
267
260
260
283
283
274
274
270
270
251
251
258
258
277
277
275
275
264
264
253
255
246
246
252
252
240
240
263
263
270
270
259
259
259
259
263
263
253
253
260
260
236
236
253
272
254
254
252
252
257
257
263
263
254
254
259
259
267
267
258
258
261
261
243
243
250
250
245
284
263
263
246
246
259
259
247
247
254
254
253
253
251
251
244
244
251
251
270
270
263
263
251
285
258
258
279
279
252
252
261
261
253
253
263
263
254
254
254
254
251
251
261
261
252
252
252
293
251
251
253
253
278
278
253
253
251
251
268
268
260
260
266
266
275
275
260
260
266
266
260
291
273
273
260
260
273
273
262
262
263
263
270
270
265
265
259
259
278
278
268
268
256
256
262
264
263
263
249
249
258
258
282
282
282
282
266
266
265
265
261
261
264
264
276
276
294
294
280
283
266
266
281
281
283
283
274
274
272
272
272
272
275
275
265
265
264
264
272
272
293
293
272
283
279
263
275
275
280
280
263
263
266
266
262
262
259
259
284
284
255
255
260
260
279
279
260
296
271
271
264
264
261
261
247
247
251
251
261
261
264
264
246
246
266
266
256
256
265
265
267
257
250
250
249
249
268
268
249
249
267
267
251
251
256
256
266
266
249
249
250
250
266
266
251
259
259
259
251
251
276
276
264
264
260
260
246
246
263
263
263
263
258
258
242
242
251
251
244
253
243
243
245
245
259
259
253
253
266
266
256
256
260
260
258
258
251
251
254
254
246
246
252
266
260
260
250
250
259
259
254
254
260
260
277
277
254
254
255
255
252
252
254
254
274
274
273
282
262
262
264
264
277
277
259
259
264
264
255
255
275
275
264
264
260
260
253
253
246
246
243
277
261
261
251
251
232
232
262
262
253
253
256
256
251
251
261
261
281
281
266
266
249
249
246
256
273
273
263
263
252
252
247
247
247
247
253
253
247
247
272
272
283
283
284
284
239
239
249
250
269
269
255
255
279
279
260
260
278
278
269
269
252
252
266
266
263
263
264
264
256
256
272
298
