0.001
0.396
0.376
0.376
0.406
0.403
0.396
0.440
0.425
0.425
0.395
0.408
0.394
0.402
0.400
0.394
0.373
0.375
0.375
0.364
0.363
0.370
0.361
0.364
0.370
0.370
0.369
0.370
0.384
0.384
0.384
0.384
0.365
0.365
0.384
0.384
0.371
0.383
0.392
0.382
0.396
0.396
0.402
0.402
0.396
0.396
0.386
0.386
0.399
0.399
0.396
0.396
0.396
0.393
0.394
0.394
0.393
0.393
0.408
0.408
0.380
0.377
0.365
0.371
0.371
0.372
0.372
0.366
0.366
0.379
0.379
0.364
0.364
0.381
0.381
0.373
0.373
0.371
0.371
0.379
0.379
0.364
0.364
0.371
0.382
0.387
0.387
0.380
0.380
0.403
0.403
0.403
0.403
0.358
0.364
0.364
0.366
0.373
0.355
0.356
0.349
0.348
0.348
0.373
0.373
0.355
0.369
0.372
0.379
0.381
0.371
0.371
0.371
0.378
0.365
0.375
0.375
0.382
0.370
0.478
0.368
0.370
0.363
0.370
0.371
0.389
0.363
0.380
0.423
0.358
0.387
0.367
0.362
0.382
0.378
0.363
0.363
0.403
0.383
0.424
0.374
0.381
0.365
0.362
0.373
0.369
0.373
0.365
0.371
0.377
0.462
0.383
0.476
0.362
0.380
0.373
0.355
0.373
0.373
0.382
0.382
0.374
0.374
0.357
0.360
0.353
0.353
0.373
0.365
0.397
0.376
0.355
0.355
0.372
0.372
0.383
0.383
0.367
0.367
0.383
0.372
0.473
0.372
0.373
0.373
0.362
0.362
0.382
0.382
0.373
0.373
0.378
0.378
0.371
0.371
0.372
0.372
0.376
0.376
0.390
0.390
0.370
0.370
0.361
0.380
0.360
0.360
0.352
0.352
0.368
0.368
0.367
0.367
0.369
0.369
0.369
0.369
0.378
0.378
0.390
0.371
0.371
0.372
0.407
0.380
0.373
0.373
0.370
0.418
0.388
0.362
0.361
0.380
0.368
0.387
0.387
0.355
0.367
0.360
0.388
0.376
0.371
0.367
0.473
0.416
0.416
0.397
0.396
0.381
0.374
0.365
0.365
0.355
0.374
0.368
0.357
0.351
0.372
0.352
0.377
0.363
0.364
0.354
0.355
0.370
0.352
0.362
0.365
0.357
0.373
0.347
0.361
0.362
0.358
0.484
0.379
0.373
0.375
0.371
0.374
0.362
0.382
0.380
0.380
0.380
0.379
0.359
0.364
0.380
0.380
0.379
0.379
0.368
0.359
0.365
0.365
0.371
0.371
0.393
0.366
0.362
0.368
0.367
0.373
0.473
0.454
0.454
0.361
0.361
0.364
0.364
0.365
0.365
0.377
0.377
0.373
0.373
0.371
0.371
0.386
0.386
0.381
0.381
0.381
0.376
0.397
0.397
0.385
0.385
0.389
0.389
0.382
0.382
0.388
0.388
0.350
0.350
0.363
0.363
0.396
0.396
0.367
0.386
0.386
0.379
0.379
0.368
0.369
0.369
0.388
0.369
0.369
0.372
0.371
0.375
0.370
0.360
0.360
0.363
0.363
0.370
0.370
0.369
0.369
0.369
0.370
0.378
0.472
0.385
0.396
0.396
0.376
0.370
0.398
0.393
0.377
0.369
0.379
0.367
0.385
0.420
0.420
0.369
0.361
0.398
0.380
0.362
0.382
0.376
0.376
0.382
0.402
0.383
0.392
0.401
0.401
0.390
0.397
0.484
0.392
0.403
0.403
0.389
0.389
0.379
0.371
0.380
0.380
0.373
0.373
0.364
0.364
0.369
0.371
0.380
0.380
0.369
0.369
0.357
0.357
0.350
0.362
0.358
0.358
0.378
0.378
0.369
0.369
0.363
0.363
0.370
0.370
0.369
0.369
0.394
0.394
0.388
0.388
0.388
0.388
0.381
0.381
0.362
0.362
0.399
0.392
0.379
0.379
0.387
0.387
0.389
0.389
0.381
0.381
0.388
0.388
0.492
0.492
0.381
0.381
0.482
0.379
0.379
0.391
0.379
0.389
0.375
0.363
0.371
0.405
0.365
0.386
0.384
0.378
0.394
0.389
0.386
0.387
0.388
0.385
0.386
0.390
0.385
0.383
0.386
0.377
0.388
0.395
0.386
0.394
0.386
0.481
0.385
0.399
0.395
0.384
0.384
0.384
0.373
0.395
0.395
0.373
0.373
0.373
0.393
0.392
0.378
0.372
0.362
0.378
0.378
0.375
0.362
0.362
0.380
0.371
0.370
0.379
0.375
0.383
0.383
0.375
0.468
0.389
0.380
0.372
0.366
0.374
0.372
0.391
0.391
0.364
0.364
0.373
0.373
0.386
0.386
0.363
0.363
0.382
0.373
0.378
0.378
0.363
0.363
0.372
0.372
0.379
0.379
0.374
0.374
0.373
0.373
0.486
0.486
0.366
0.366
0.374
0.374
0.393
0.393
0.373
0.373
0.372
0.370
0.381
0.381
0.363
0.363
0.372
0.372
0.378
0.378
0.362
0.362
0.371
0.371
0.398
0.398
0.389
0.389
0.369
0.369
0.387
0.387
0.366
0.366
0.373
0.381
0.388
0.382
0.404
0.389
0.389
0.387
0.396
0.390
0.382
0.388
0.404
0.365
0.394
0.384
0.374
0.383
0.375
0.380
0.378
0.478
0.383
0.367
0.367
0.368
0.391
0.384
0.461
0.375
0.376
0.369
0.390
0.376
0.367
0.374
0.367
0.384
0.381
0.373
0.370
