389
387
401
391
484
394
390
390
398
390
383
383
391
392
399
399
400
398
390
390
399
399
398
398
383
400
413
413
371
371
390
390
398
398
391
391
378
396
390
390
375
375
382
382
394
394
381
381
376
374
403
403
391
391
383
383
399
399
389
389
388
388
394
394
376
376
475
475
397
397
383
383
401
392
401
401
393
393
383
383
401
401
404
404
383
383
412
412
386
393
370
370
403
389
380
386
382
593
399
385
385
402
401
401
394
394
384
397
379
389
403
379
395
377
388
387
395
394
388
376
385
380
397
376
383
381
378
384
483
385
385
383
392
381
388
378
384
393
381
388
403
379
393
384
390
385
405
385
365
366
397
397
399
388
386
385
387
393
392
469
469
382
377
377
388
391
389
398
398
381
387
393
385
484
390
376
376
400
400
392
388
392
392
379
379
379
390
396
396
379
379
377
377
371
406
388
378
378
391
391
397
397
398
398
385
385
394
394
392
392
381
381
398
398
381
381
391
389
390
390
383
383
387
387
397
397
375
375
381
381
395
395
385
385
380
380
390
398
398
386
382
390
407
407
392
392
380
383
391
494
488
380
498
376
383
378
384
388
404
370
387
369
391
389
390
380
400
395
381
380
380
379
407
389
388
387
390
399
400
389
389
380
398
398
398
385
385
394
383
390
390
384
380
380
381
380
382
398
382
379
387
388
407
389
389
388
389
389
398
389
389
389
388
381
492
492
387
387
381
381
397
397
392
392
377
377
483
483
380
380
376
376
397
397
369
369
376
386
379
379
383
383
384
384
385
385
381
381
387
387
379
379
397
397
378
378
390
390
387
387
379
389
409
379
390
390
377
388
388
377
377
377
395
368
389
369
465
380
389
377
387
381
395
386
376
389
389
396
378
387
389
389
411
388
381
389
380
390
393
389
390
379
390
488
493
380
387
488
391
382
395
381
398
386
387
391
397
397
388
387
387
387
428
428
389
378
385
387
394
394
389
382
390
388
394
387
388
398
495
390
389
389
394
394
384
384
391
391
379
379
392
392
392
392
369
369
363
374
384
384
386
386
389
389
384
384
379
379
385
385
390
390
382
382
376
376
398
398
410
410
474
484
388
388
387
387
372
389
389
377
377
388
388
376
383
383
376
376
380
380
490
490
388
388
390
377
392
377
370
378
371
368
397
380
382
378
379
383
389
376
