982
1001
999
1002
998
998
1001
999
1001
1017
982
999
999
1000
1000
1018
982
1000
1006
1011
991
1008
989
999
1008
985
1000
1000
997
1001
999
1007
999
1001
999
1008
984
1000
1000
1000
1025
989
993
998
1005
986
998
1000
1007
1001
999
1001
998
999
999
1000
1000
999
999
999
999
1009
992
1008
983
998
1000
1009
998
1000
1001
999
999
999
1000
1000
999
1000
1000
1000
1004
986
1006
1008
990
1009
993
1008
982
1000
1000
1000
1000
999
1000
1000
999
1001
999
1009
999
999
1000
998
1000
1000
1007
993
1007
984
1000
999
1000
1007
1008
985
998
1018
982
1016
983
1001
1000
1000
1016
983
1000
1007
1008
1010
980
1001
999
998
1001
1000
999
999
999
992
1007
1001
999
1005
994
998
1000
1001
1008
991
1007
984
999
999
1000
998
1001
998
1001
999
998
1001
999
1000
998
1002
997
1000
1000
1005
1011
1011
987
990
1002
1005
985
1001
999
1001
997
1000
999
999
999
1018
988
999
1002
999
1000
1008
992
1008
982
1017
991
1000
1000
1007
984
1000
1000
999
998
1000
999
1002
998
1000
999
1000
1008
1008
991
998
1000
998
1001
999
998
1000
1000
1000
998
1001
999
1001
998
999
1000
1006
985
1013
993
1007
993
1009
991
998
1000
999
1000
1000
999
999
1000
998
1001
999
999
999
1001
1000
999
1001
999
1008
993
1009
981
1002
997
1000
1008
1007
984
1001
998
1008
1007
983
1001
999
1000
1000
1006
1000
1008
994
1007
982
1017
982
999
1000
999
1000
1000
999
999
1008
999
999
1007
984
1000
1001
997
1010
1007
993
998
998
1000
998
1002
999
1000
999
999
1000
998
1000
991
1019
981
998
1000
1000
1006
1010
991
1008
988
1001
1006
987
999
998
1001
999
1000
1002
999
999
1000
1006
1001
1002
997
999
1008
993
1007
985
1006
999
1000
1000
1006
987
998
1000
999
1003
997
1019
981
998
1002
998
1001
1009
1006
991
1000
999
1000
1001
999
1001
998
1001
999
999
1001
999
1000
1000
1000
999
1007
984
1006
1006
992
1011
990
1007
983
999
1000
1000
1007
999
1000
999
999
1001
999
1000
999
1001
998
1000
1000
999
1008
999
994
998
999
1000
999
1007
991
1001
1000
1001
998
1006
983
1008
1000
999
999
1000
999
1009
990
1008
982
999
1001
1001
998
999
1000
1000
999
1019
988
1002
998
1008
985
1000
999
999
1008
1009
992
998
1000
999
999
1000
1000
1000
999
1001
999
999
1001
999
1000
1000
998
999
1000
1008
993
1008
990
1007
985
1008
999
998
1000
999
1000
1001
999
999
999
1000
1004
988
998
999
1001
1007
1008
993
998
1006
984
1001
999
1007
1000
1001
999
1000
999
999
1000
1000
1000
999
1000
999
1009
992
1008
981
1001
1001
998
1000
1000
999
1001
1000
998
1001
997
1001
999
1003
996
1008
1001
1007
991
1009
993
1006
994
998
1000
1000
999
1000
1000
1001
998
1000
999
999
1001
991
1000
1016
982
999
1008
1008
991
1009
982
1009
998
1000
1006
992
1000
998
1001
999
1007
986
998
1000
1000
1000
999
1009
1007
991
1007
984
1000
1000
999
1000
999
1001
999
1001
998
1007
1000
1001
1004
987
999
999
1000
1009
1008
992
998
1000
999
1001
999
1000
999
1000
999
1000
1000
1000
1000
999
999
1001
999
1000
1007
994
1007
991
1007
986
1006
1000
1000
999
999
1000
1000
1000
999
1000
999
1007
985
1007
1000
1000
1007
1011
989
983
1006
1001
999
1000
1005
986
1000
1000
1000
1007
1000
1000
999
999
999
1001
998
1008
991
1008
982
1000
1001
1000
999
999
999
1002
996
1001
999
1000
999
1008
999
1001
1006
984
1007
1007
992
1009
992
1008
982
1018
981
999
1000
999
1000
999
999
1000
1000
1007
1001
1000
998
1001
998
1000
1007
1001
991
998
1000
999
1000
1007
990
1000
1000
1000
999
1009
982
999
1000
998
1002
999
1001
1007
1008
991
1000
999
999
1000
999
1001
998
1000
999
999
1008
984
1000
1007
1000
999
1000
1000
1009
993
1006
982
1008
999
1000
1000
999
999
1001
999
999
1001
999
1000
999
1000
999
1002
997
1007
994
1007
992
1006
983
1007
1000
1000
999
1001
998
1000
999
1000
999
999
1007
984
1008
999
999
1009
992
1007
991
1007
985
1000
998
1007
999
1000
1000
999
999
1000
999
1000
999
1000
999
1000
1008
992
1008
984
997
1000
999
999
1000
1001
998
999
1000
999
1000
1000
999
1007
1000
1006
984
1007
1007
991
1010
992
1007
1002
981
999
1000
999
1018
982
1016
982
999
1000
999
1001
998
999
1000
999
1018
991
1007
991
999
999
1000
1000
1006
990
1001
1001
999
1001
1005
992
1000
999
1001
999
1000
999
1009
991
1007
983
999
998
1001
1000
1000
1000
1000
999
1000
1006
1000
1001
1006
986
997
1001
1000
1009
1007
992
998
1000
1000
1000
999
999
999
1000
999
1002
997
1000
999
999
1001
999
1000
999
1007
993
1008
992
1004
986
1006
1002
999
999
1000
1000
1000
999
1002
999
998
1007
992
1000
1000
1001
1008
993
1005
983
1007
1001
1000
999
1007
984
1007
1001
998
999
999
1000
1001
999
999
1000
999
1008
992
1008
981
1001
1000
1000
1000
999
999
1000
1001
999
1000
1000
998
1001
999
1000
1006
1001
1006
992
1007
1002
991
1008
981
1001
998
1001
999
1001
998
1001
999
1001
1000
999
999
999
1001
998
1001
1001
1006
1007
992
999
999
1002
998
1007
993
999
1001
1000
999
1006
985
1001
998
1001
1006
1000
1001
1008
991
1009
981
1000
1000
998
999
1000
999
1001
997
1000
1006
1002
998
1007
985
1000
1000
999
1008
1008
991
998
999
1002
997
1000
999
1001
998
1000
1000
1000
1000
999
1000
1000
990
1009
998
1008
992
1010
990
1006
985
1006
1001
1000
999
999
1000
999
1000
999
999
1001
1005
986
999
1001
999
1008
1008
992
999
1006
985
1000
1000
1007
1001
1001
999
998
1000
1000
1000
1000
1000
998
1000
1000
1009
993
1005
992
999
1001
998
999
1001
999
1001
999
1001
999
998
1000
999
1000
999
1007
985
1007
1007
992
1009
992
1008
982
998
1000
999
1001
999
999
1000
999
1000
1002
998
998
1000
1000
1000
1001
998
1009
1007
992
999
1000
999
999
1008
991
1000
1000
999
999
1007
984
999
1001
999
999
1001
998
1009
1009
990
1000
999
999
1000
1001
998
1002
999
999
1000
1008
983
999
1007
1000
1001
1001
998
1009
990
1008
983
1001
999
998
1000
999
1000
1000
1000
1005
1000
1000
998
1001
998
1001
999
1000
1006
995
1006
992
1005
984
1007
1001
999
1000
998
1001
999
1001
998
1001
998
1007
986
1007
999
999
1009
991
1008
985
1005
1000
999
1000
1007
985
1000
999
1000
999
1000
1001
998
1008
999
1001
998
1010
990
1009
982
999
1000
1000
1007
999
1000
1000
999
1002
998
1001
999
1000
999
1001
1006
984
1007
1007
991
1011
992
1007
983
999
1000
1002
997
999
1000
999
1001
999
998
1000
998
1001
999
1019
981
999
1008
1009
990
999
999
999
1000
1006
991
1002
998
1000
999
1007
984
1001
999
1000
1000
999
999
1018
991
1007
983
1008
999
1000
999
1000
999
1000
1000
1001
1005
984
1000
1007
1000
1000
1000
1000
1008
993
1007
991
1000
999
1000
1000
999
1000
999
1000
999
999
1000
1001
999
1000
999
999
1000
1007
994
1008
991
1005
984
1026
982
1000
999
1000
999
1000
1000
999
1000
1000
1007
986
998
1000
1007
1009
991
1009
982
1006
1001
999
1000
1006
985
1000
999
1001
998
1001
999
999
1000
1000
1000
1000
1008
1006
992
998
1000
1000
998
1000
999
1001
999
1001
999
999
1000
1000
1000
999
1000
1006
984
1016
991
1010
991
1008
991
998
1001
1000
999
999
1000
999
1001
999
999
1000
1000
1001
999
1000
1000
999
1000
1008
993
1007
982
1000
999
1000
1006
1009
983
1000
999
998
1008
1000
1000
1000
1000
999
999
1001
1008
992
1006
982
1000
1001
998
999
1000
998
1000
1008
998
1008
984
1008
1005
985
999
1000
1000
1009
1006
1010
980
998
1002
998
999
1000
998
1001
999
1000
1000
999
999
1000
999
1000
1001
998
1006
993
1008
999
988
1003
1005
985
1000
999
1001
1000
998
1001
985
1008
990
1016
1002
981
1009
999
1010
990
997
1001
1006
985
1007
999
1007
1003
981
1007
999
998
1001
999
999
999
1000
1000
999
1009
1009
989
982
1019
981
1008
1000
998
1002
999
999
1001
998
1001
1000
1000
999
1000
1007
1003
989
1007
1010
991
1010
989
982
1000
999
1001
1008
999
1000
999
1000
1000
1000
999
999
1001
999
1000
999
1000
1008
992
1008
982
1008
999
1000
1006
992
1000
998
1001
999
1007
983
1019
981
999
1001
1007
1000
1008
992
1008
981
1000
999
1000
999
999
1001
1007
1000
999
1007
1002
980
1008
999
1000
1001
1000
1007
992
1008
982
1009
998
1001
999
1000
999
1001
998
1000
1001
999
999
1000
1000
999
999
1000
1006
1012
990
992
1005
983
1008
1000
1000
999
1000
999
999
1001
999
1000
999
1007
1002
981
1008
999
1009
1010
990
1000
988
1002
998
1001
1006
984
1007
1000
999
1000
1000
999
1000
999
1000
999
999
1009
991
1008
999
982
1000
999
1018
980
1019
982
1008
999
1000
1000
999
1001
999
1000
1006
984
1014
1011
990
1012
989
991
1000
999
999
999
1000
1000
999
999
1000
999
1000
999
1000
999
999
1000
998
1001
1009
990
1008
981
1001
1007
1000
1006
992
1001
999
1001
999
1007
984
1000
1018
981
1001
1008
1000
1009
990
1008
981
1001
1008
999
999
1000
999
1000
1000
