0.000
0.402
0.410
0.410
0.414
0.414
0.401
0.401
0.410
0.410
0.404
0.404
0.409
0.409
0.403
0.403
0.403
0.403
0.418
0.418
0.410
0.410
0.403
0.420
0.404
0.412
0.412
0.413
0.413
0.402
0.402
0.404
0.404
0.430
0.430
0.403
0.403
0.508
0.508
0.410
0.410
0.411
0.411
0.393
0.395
0.397
0.494
0.385
0.390
0.390
0.391
0.396
0.387
0.396
0.396
0.395
0.387
0.398
0.394
0.378
0.371
0.393
0.393
0.406
0.387
0.393
0.395
0.395
0.391
0.395
0.395
0.386
0.393
0.404
0.392
0.395
0.371
0.466
0.404
0.402
0.406
0.420
0.405
0.429
0.429
0.408
0.408
0.408
0.424
0.406
0.406
0.417
0.408
0.408
0.417
0.415
0.406
0.416
0.416
0.416
0.415
0.408
0.408
0.439
0.413
0.413
