-2
232
265
265
240
240
239
239
233
233
256
256
250
250
281
281
259
265
275
265
272
272
243
243
232
232
235
235
285
285
232
232
239
239
259
259
248
248
231
231
281
281
247
245
255
255
255
255
238
238
235
235
277
277
233
233
245
245
251
251
243
260
240
268
268
256
257
258
258
247
247
249
249
253
253
245
245
246
246
277
277
260
260
248
248
262
262
256
256
252
268
256
256
281
281
236
236
268
268
279
279
258
258
263
263
262
262
270
270
269
269
255
255
257
271
293
293
286
286
273
273
272
272
283
271
266
266
294
276
274
274
241
241
287
287
263
263
235
254
253
253
237
237
290
290
284
284
262
262
253
253
254
254
250
252
248
248
275
275
251
251
280
265
266
266
235
235
277
277
291
238
253
253
274
274
285
285
267
267
245
245
248
248
245
245
262
229
240
240
230
230
238
238
293
293
251
273
252
252
236
236
271
271
270
270
231
231
222
222
239
242
232
232
227
227
222
222
247
247
243
243
237
237
255
255
253
236
249
249
231
231
238
238
248
237
260
260
276
276
267
267
271
271
280
280
280
263
263
289
289
283
283
285
285
272
272
272
272
272
293
261
261
263
276
276
276
282
282
254
254
268
268
239
239
253
253
248
248
234
234
254
254
248
246
228
228
225
225
228
228
258
258
246
246
258
258
243
243
236
236
246
246
256
256
245
245
