0
391
388
380
392
395
395
395
368
486
486
358
364
377
377
389
389
374
374
367
367
371
372
369
369
383
370
358
358
387
387
389
389
490
490
401
390
386
386
406
406
394
394
393
393
388
376
379
379
383
383
385
385
387
387
393
393
389
389
378
378
379
379
378
378
394
394
384
379
377
386
481
392
380
386
387
387
385
385
386
386
387
387
377
377
395
395
379
381
378
398
376
376
385
378
396
396
390
390
386
386
380
380
390
390
385
383
381
381
471
471
371
371
380
380
382
382
380
372
379
394
379
379
382
382
380
380
381
382
382
382
381
381
475
475
388
388
382
382
372
372
381
380
382
382
390
390
371
373
379
379
357
357
374
374
389
389
373
373
382
382
372
372
382
382
390
381
372
362
357
357
381
381
358
358
364
364
379
379
382
395
379
371
373
373
377
377
487
382
358
368
384
384
384
384
483
483
383
383
376
376
384
384
374
374
383
386
386
386
367
367
363
363
360
377
390
390
372
372
372
372
375
375
381
381
383
383
367
367
402
402
381
381
380
380
376
376
372
378
381
381
373
373
382
380
389
389
372
381
402
402
383
383
400
400
376
376
467
364
374
390
374
359
480
480
392
381
374
374
359
359
359
366
357
357
375
375
367
367
374
374
367
367
360
360
374
366
367
468
358
358
368
360
370
370
368
368
369
369
369
367
359
359
358
358
368
368
368
367
358
369
360
360
365
365
372
372
367
367
467
375
359
359
365
365
368
368
359
359
365
365
370
370
367
364
372
374
365
365
367
367
479
370
370
363
363
366
366
359
365
365
364
364
368
374
377
377
366
366
366
366
368
365
365
365
369
369
367
359
359
359
358
358
358
358
377
377
358
358
376
376
468
368
367
389
382
382
357
357
366
374
374
356
356
356
356
375
368
368
364
364
365
370
367
367
374
365
359
359
367
372
358
457
357
357
382
382
471
471
365
365
359
359
366
366
367
367
350
342
342
358
343
347
349
342
352
352
352
352
352
352
342
342
445
364
344
344
334
334
345
345
351
351
376
360
392
392
358
370
368
368
351
351
362
370
363
363
357
357
369
369
361
345
353
353
352
360
346
343
353
353
368
367
352
352
351
355
353
353
373
373
368
347
346
346
459
353
344
344
344
353
346
352
353
357
458
458
348
348
356
368
354
354
353
347
347
350
350
345
345
353
330
330
331
331
362
352
344
344
330
364
352
352
352
358
354
354
337
337
336
345
330
330
348
346
363
363
357
354
361
361
354
354
353
351
361
361
355
359
354
354
357
346
348
361
361
347
347
355
347
370
370
455
455
357
363
349
357
348
363
365
365
347
347
347
359
339
351
360
356
356
348
362
356
356
362
357
364
450
351
388
357
366
355
353
353
358
342
356
341
357
337
337
340
349
364
346
343
343
335
335
360
354
349
353
357
350
350
355
449
369
356
356
357
356
367
367
360
351
351
344
353
348
342
334
334
351
345
458
454
454
358
348
355
346
363
363
343
348
341
341
356
356
339
352
346
346
337
342
341
358
344
350
342
326
335
335
343
344
331
331
331
331
317
317
348
330
330
329
323
333
333
416
324
320
329
327
324
331
336
340
340
339
331
343
360
349
339
357
342
354
354
343
343
345
345
326
326
341
352
364
332
425
332
335
450
451
342
348
348
347
322
325
340
337
355
355
330
357
309
326
354
333
326
337
359
339
335
341
332
361
324
343
435
342
350
335
341
323
324
324
349
337
341
341
347
330
339
342
329
347
328
320
340
325
330
312
312
320
332
366
349
349
357
357
336
336
346
347
347
339
347
356
350
352
351
350
348
348
348
351
343
343
435
339
339
338
338
351
327
369
369
334
334
365
454
350
358
358
345
354
345
341
341
350
356
356
340
363
358
358
349
355
355
360
366
356
349
364
370
377
377
361
364
360
403
403
345
355
344
353
352
345
345
341
351
341
353
357
355
355
344
333
341
349
349
344
335
334
342
356
343
343
342
339
339
363
452
359
457
466
356
360
360
351
360
359
352
363
351
358
359
359
361
355
373
359
359
342
342
351
343
340
341
340
347
342
354
438
352
358
337
352
352
361
364
364
345
366
344
355
345
351
346
342
345
358
357
357
373
371
358
358
362
363
371
368
365
362
462
367
367
367
365
352
345
358
362
368
368
365
348
363
343
357
358
358
458
367
341
376
364
367
367
367
374
369
345
363
368
460
460
368
355
355
371
365
365
378
367
371
363
361
365
381
381
382
372
373
382
382
360
360
362
365
365
377
381
373
373
389
476
383
379
379
391
371
384
385
380
390
390
373
358
362
366
355
355
355
357
389
389
355
364
366
373
374
374
365
356
375
364
461
456
455
455
357
363
361
365
365
366
370
356
372
372
366
366
358
355
355
364
366
358
358
367
360
360
359
343
359
349
372
464
355
372
372
366
374
365
372
358
367
367
364
375
375
356
365
356
373
375
351
351
366
366
356
342
354
369
349
375
343
352
453
363
363
352
342
342
337
340
336
343
339
352
324
324
323
334
453
428
428
330
345
344
349
343
356
334
355
355
338
335
338
431
336
328
329
312
343
334
328
328
339
355
335
334
338
332
332
341
323
323
333
339
331
331
325
325
332
333
341
335
341
351
437
334
360
340
336
345
331
331
359
350
340
349
346
332
350
350
351
340
351
358
363
363
332
341
341
331
344
344
331
332
335
533
441
359
359
323
322
352
352
356
346
346
353
338
369
354
345
347
347
348
359
359
324
343
356
349
344
344
342
357
340
324
324
336
339
342
338
321
362
362
336
345
345
347
354
355
336
336
356
350
356
349
349
346
367
348
356
356
344
367
349
356
330
462
337
344
344
361
337
341
345
345
353
368
366
353
348
358
485
450
450
357
345
327
340
337
329
329
351
352
352
342
348
341
452
348
349
340
346
346
342
350
350
350
364
341
367
367
347
357
344
341
347
350
350
349
353
350
351
351
350
349
346
349
358
445
445
343
349
358
349
343
344
350
358
341
346
346
326
358
358
343
345
344
364
344
363
363
333
341
358
357
357
339
343
343
535
343
347
342
343
343
332
340
347
339
339
335
332
332
337
340
340
333
347
337
337
336
349
350
334
342
350
350
352
339
341
437
437
349
340
340
347
332
332
323
325
325
323
337
339
333
330
332
338
330
332
331
330
338
332
332
329
331
331
333
331
332
427
427
341
339
339
348
364
349
349
348
347
360
357
322
431
431
327
320
320
343
352
351
335
333
346
346
343
359
341
333
368
451
342
340
352
349
370
348
348
349
345
363
339
339
334
344
326
329
347
343
332
352
340
340
355
335
335
339
341
329
337
349
446
446
334
331
331
336
334
334
341
348
355
346
346
342
340
322
332
326
330
330
331
331
353
337
364
364
371
352
384
474
462
452
452
357
373
355
362
362
346
363
363
355
356
348
357
355
358
354
348
365
356
355
359
359
348
352
342
342
350
349
349
334
438
438
354
341
341
341
333
341
363
363
343
343
343
354
350
350
344
343
343
336
341
344
352
344
342
342
349
345
339
322
327
418
333
327
332
327
327
336
332
332
319
320
337
331
420
420
321
335
335
318
324
328
329
329
325
328
336
329
319
319
336
342
342
344
350
343
341
361
352
336
339
339
352
343
343
350
359
367
345
344
352
352
342
344
346
345
345
349
341
341
349
341
373
450
450
347
364
364
388
381
370
357
391
370
359
359
382
391
391
382
393
369
394
365
384
384
374
355
355
381
373
373
483
384
384
382
365
374
376
376
364
363
392
374
380
364
364
373
366
366
359
367
367
360
353
353
365
362
364
364
355
359
376
367
359
441
330
330
359
356
362
363
373
373
360
340
340
363
342
342
363
342
342
357
369
358
367
367
381
377
377
384
390
384
374
362
462
462
368
365
365
367
368
368
360
361
362
384
448
473
370
355
343
382
368
365
378
366
366
357
365
365
364
358
358
356
344
449
322
322
339
356
357
342
355
357
353
353
356
360
360
350
373
373
361
369
369
361
354
354
354
355
355
352
352
360
352
370
468
468
352
360
367
361
361
379
371
371
369
369
369
371
365
360
378
378
373
366
360
369
358
350
380
380
351
472
472
360
352
449
350
350
366
361
361
368
349
376
347
347
349
351
351
345
352
351
366
376
356
353
347
370
371
371
371
356
336
385
385
369
463
463
373
366
366
354
331
331
368
368
370
357
357
357
372
366
368
380
380
355
380
380
380
372
370
368
368
379
376
379
371
371
379
389
363
375
362
362
371
359
366
380
380
474
359
359
369
369
360
354
347
368
370
370
360
368
356
347
339
379
363
365
456
374
355
358
357
357
367
358
366
366
369
365
361
356
356
370
353
343
349
332
358
347
340
340
340
341
365
375
368
376
367
472
378
378
365
373
361
352
356
358
352
352
360
359
368
371
352
351
362
346
346
353
360
361
346
346
374
446
446
369
377
377
447
370
371
392
373
366
375
375
388
369
355
360
368
370
370
353
360
360
367
351
360
354
354
378
384
377
354
354
348
363
365
442
442
355
362
346
347
347
382
369
373
377
377
384
378
379
376
368
384
367
355
354
370
369
366
354
363
363
370
355
357
353
353
352
351
351
370
362
386
358
358
352
456
456
358
358
359
352
378
359
359
360
369
369
383
367
366
362
368
368
347
360
360
472
358
358
369
366
366
368
366
362
359
375
358
358
361
356
356
334
357
348
375
375
359
370
376
365
365
367
366
361
366
367
461
360
378
359
364
366
358
370
370
367
362
362
359
367
367
367
361
361
367
375
375
353
353
361
363
458
469
469
360
362
347
444
372
364
378
378
368
366
366
380
359
359
357
355
379
366
353
366
372
379
370
370
368
358
372
367
370
366
367
375
368
369
464
464
373
367
369
366
366
375
364
364
367
360
364
343
355
351
352
378
368
359
359
358
368
368
363
366
357
384
384
357
372
372
345
345
342
343
346
351
344
375
375
465
371
371
364
346
360
355
356
370
362
380
352
352
354
353
353
352
361
369
353
464
360
360
366
360
360
359
354
354
353
372
372
343
350
367
348
339
346
348
346
346
327
351
354
327
352
423
331
320
354
376
376
358
368
368
364
356
356
366
394
394
374
360
360
367
369
482
480
480
333
380
360
448
376
376
383
374
374
366
365
365
353
356
356
365
383
383
368
362
371
367
366
398
365
360
384
384
374
376
376
377
358
357
451
362
376
363
363
365
357
375
365
358
368
356
366
366
369
367
367
377
369
369
357
367
361
361
352
359
359
359
352
352
347
469
469
342
370
370
369
386
371
371
458
357
365
365
371
364
364
372
366
362
362
361
377
377
359
361
351
351
358
354
358
366
472
373
352
352
373
362
337
359
358
358
357
357
357
344
354
354
387
395
395
383
398
391
381
381
366
379
358
357
360
374
369
466
367
367
360
402
360
360
355
346
346
357
356
356
346
365
355
354
348
347
365
347
346
375
464
464
359
367
367
373
368
360
462
367
367
384
366
349
342
358
349
349
341
345
352
352
342
353
350
350
363
347
355
354
341
341
349
351
351
363
355
355
353
450
340
375
347
347
347
357
363
363
355
357
357
366
356
356
355
340
367
347
347
347
356
356
357
349
347
347
364
355
355
356
449
363
363
347
345
355
364
462
462
361
361
376
369
373
361
360
368
358
367
366
367
376
360
369
366
365
376
368
364
355
348
348
347
357
359
349
375
375
359
365
358
377
369
372
368
368
368
375
374
362
362
351
348
346
364
363
360
366
366
356
371
374
470
365
355
372
364
359
362
365
363
363
366
369
354
368
373
363
362
362
357
379
363
366
474
474
377
361
355
363
371
371
369
457
457
368
381
367
367
363
363
369
371
377
372
372
380
372
372
379
364
374
372
370
371
371
377
381
368
368
373
384
384
364
471
368
368
374
369
379
375
377
373
381
381
382
393
370
375
372
372
370
352
357
371
382
386
386
373
369
378
397
369
369
377
474
386
388
370
382
372
480
483
385
371
372
396
396
397
380
392
406
406
365
354
392
387
371
375
372
371
393
374
374
375
377
475
370
381
364
364
358
358
358
373
373
370
430
430
401
352
383
383
365
371
377
378
370
361
369
370
382
361
359
370
372
373
466
466
373
360
371
371
378
370
370
388
363
358
358
360
384
366
369
361
383
374
356
356
475
381
419
381
347
347
337
356
364
452
351
351
358
360
360
365
361
390
371
370
378
378
371
368
360
360
380
399
380
363
368
368
369
376
376
388
363
387
387
386
472
353
360
388
375
392
393
394
394
404
421
421
386
356
362
362
373
376
359
359
354
354
389
346
346
358
348
360
368
371
362
469
373
356
378
373
373
471
373
363
363
372
379
364
364
347
380
380
369
379
373
356
419
410
356
351
329
347
356
357
348
353
452
344
343
338
342
356
343
354
338
388
382
354
374
371
371
361
361
357
361
360
365
357
357
354
357
357
364
349
349
349
362
466
377
377
369
366
363
413
380
392
350
376
376
363
355
359
361
358
357
350
350
461
460
364
361
361
366
359
360
393
400
390
469
374
373
372
373
390
391
378
358
350
354
365
355
376
349
364
358
394
409
408
382
378
348
385
364
373
355
343
360
338
343
473
378
376
366
361
373
370
370
362
369
369
377
377
353
373
360
362
377
377
359
361
363
370
373
368
344
353
380
359
356
360
460
368
373
370
478
467
377
361
378
362
357
362
370
370
368
359
396
382
367
357
357
357
368
364
396
354
359
340
340
346
346
454
344
339
353
337
337
360
362
369
363
373
373
364
361
374
387
373
372
370
363
377
361
352
364
365
364
363
360
365
365
373
451
369
377
363
368
354
358
353
367
359
360
354
354
354
354
352
362
359
362
467
457
355
361
362
371
354
372
375
356
373
342
452
367
353
362
364
364
362
367
372
361
349
354
370
388
370
360
361
369
375
369
359
366
354
368
341
368
353
361
358
363
359
463
340
370
371
335
366
362
378
352
367
364
372
387
367
375
371
364
379
375
405
373
418
399
396
400
403
402
382
377
360
376
490
369
362
455
451
361
378
340
382
364
382
360
346
367
373
366
367
369
361
380
363
376
362
361
372
372
362
371
368
471
354
344
341
357
366
347
347
357
356
380
355
355
357
350
356
353
361
347
346
365
356
360
345
354
369
360
361
361
361
374
454
361
355
369
364
364
355
350
356
367
361
362
361
360
366
361
360
355
459
473
363
347
354
362
366
373
342
364
360
377
357
462
372
358
363
365
374
376
375
369
371
375
373
371
382
356
374
366
366
386
373
362
372
358
368
359
356
393
404
390
359
368
463
375
371
361
367
368
359
371
355
363
359
369
365
380
356
370
378
386
365
360
353
354
367
360
360
348
350
362
339
341
356
445
367
446
466
357
352
375
344
361
360
349
366
361
361
344
347
354
343
358
347
367
370
363
352
369
359
362
367
368
365
356
466
350
346
353
348
381
359
358
361
361
366
364
360
350
359
368
365
364
365
389
368
354
375
356
359
379
372
363
364
380
373
471
369
372
365
382
366
363
378
371
374
373
366
356
358
367
363
367
459
462
375
356
341
373
366
374
372
361
350
358
372
359
458
362
356
368
372
356
363
364
365
371
356
356
365
372
356
368
366
352
364
362
364
370
365
361
350
361
346
365
380
353
365
448
350
375
351
355
362
364
361
356
361
354
363
372
358
354
362
354
364
360
376
383
373
381
373
375
372
380
371
362
353
365
454
483
470
369
369
367
377
372
361
360
371
377
359
383
373
366
377
362
368
365
375
371
363
369
371
363
368
369
362
355
362
474
367
354
369
367
375
372
363
369
361
370
361
374
369
369
362
358
363
364
363
363
369
364
361
368
385
371
376
371
378
384
461
355
378
374
375
369
362
383
374
397
374
397
392
382
392
391
492
477
369
377
376
365
367
384
384
374
373
368
378
392
369
468
379
374
375
378
379
369
370
383
374
380
379
367
385
375
374
379
365
381
374
375
358
368
376
374
368
369
372
389
367
374
478
395
401
389
393
393
383
382
381
396
375
373
382
372
380
388
375
403
412
380
382
388
390
382
386
381
389
389
379
381
395
577
507
388
372
382
380
393
383
386
375
374
388
382
375
381
383
392
379
373
380
390
383
384
375
355
373
393
358
366
375
367
480
373
370
363
364
380
362
358
347
357
365
349
360
362
362
363
363
363
363
374
373
362
363
363
364
371
366
367
365
363
388
479
369
379
365
364
355
368
363
365
374
366
372
363
367
379
467
466
370
369
363
361
370
368
363
371
352
353
361
354
369
363
457
362
353
380
363
366
355
369
376
353
353
369
362
362
368
354
353
369
369
372
380
368
360
367
370
369
356
358
379
383
364
449
362
362
354
364
361
354
370
354
355
385
379
374
358
360
368
359
361
368
359
350
359
392
348
364
352
359
414
369
375
467
555
377
374
376
373
374
383
381
375
380
374
368
387
365
377
397
393
357
357
390
381
407
389
371
379
368
396
400
384
354
357
473
369
366
371
370
371
370
360
368
370
368
368
368
354
376
391
369
363
364
364
385
363
369
372
387
377
362
380
382
360
365
459
365
369
361
377
363
363
360
349
363
356
354
354
361
453
459
349
357
356
373
356
360
356
360
350
365
360
351
362
356
363
465
364
356
361
353
363
359
353
369
361
362
362
382
382
372
373
374
373
388
366
381
371
371
398
398
411
377
384
397
373
353
463
358
350
348
348
372
373
383
376
368
361
365
385
380
392
381
404
419
369
370
379
375
393
370
370
372
352
380
361
486
456
466
374
358
360
375
367
369
354
352
379
377
387
390
355
355
361
379
363
371
363
367
363
362
364
373
380
386
370
377
361
369
469
359
382
374
370
380
371
371
399
374
360
353
341
343
352
356
361
368
358
372
369
368
373
365
366
373
365
375
365
375
391
470
353
368
373
372
371
362
366
368
371
362
363
355
475
489
355
372
375
364
373
363
365
384
383
371
371
375
373
374
395
377
471
370
372
379
378
369
369
383
385
378
370
370
378
372
386
378
378
377
351
354
368
359
367
378
368
364
349
360
376
359
359
466
358
373
376
357
373
374
377
359
361
364
347
375
375
368
361
365
371
372
363
366
368
373
360
379
358
364
382
471
463
366
460
365
358
366
361
375
388
369
396
381
368
395
387
387
380
372
389
382
389
395
396
390
377
386
380
370
386
396
386
388
394
505
362
388
394
381
385
370
400
379
387
402
421
422
390
413
434
428
442
389
379
397
379
394
379
379
392
379
370
396
386
407
474
393
419
387
421
392
385
412
413
397
391
386
490
517
415
416
384
376
366
386
367
377
381
381
391
378
379
388
396
383
383
506
404
411
405
396
423
386
404
436
395
402
389
425
405
392
395
427
392
422
380
423
405
385
433
388
421
401
413
395
394
386
492
401
398
391
382
375
386
409
403
378
381
354
366
405
371
373
378
414
383
381
372
389
391
354
355
368
346
495
478
372
381
472
387
372
380
380
354
369
354
366
379
351
390
365
372
377
384
382
390
377
380
354
379
360
368
373
380
383
367
375
366
402
469
394
395
367
385
410
386
377
394
398
394
389
385
385
393
406
377
375
375
368
393
377
379
412
368
410
410
365
362
371
415
488
387
378
370
403
378
375
360
360
369
365
460
462
367
389
397
399
350
373
378
362
345
377
361
383
366
383
376
407
416
388
508
414
414
419
399
404
392
393
395
398
371
386
394
389
388
401
378
370
398
384
396
394
414
407
388
396
402
389
379
389
397
511
408
430
407
408
415
415
396
411
384
395
382
403
395
402
385
374
404
407
407
404
387
417
396
391
396
492
476
389
376
375
487
378
360
371
371
413
371
375
371
398
370
379
369
396
362
388
394
372
371
378
369
377
387
361
377
373
376
368
368
370
360
484
392
359
385
375
381
384
382
372
407
414
426
424
398
414
408
398
422
396
395
387
381
398
394
402
395
388
404
407
399
403
504
385
385
400
407
374
378
380
371
386
488
481
382
370
388
370
370
362
382
362
355
356
372
372
379
366
366
379
375
384
367
459
356
364
383
382
357
359
369
376
347
355
347
356
356
349
357
359
365
366
355
364
389
372
365
364
366
363
364
379
396
361
456
362
378
378
370
374
363
363
362
366
356
375
370
347
352
363
345
352
333
351
352
343
346
337
362
446
446
384
372
356
363
459
384
374
366
374
363
352
337
369
347
359
370
354
358
359
346
347
346
349
336
361
356
355
336
363
346
359
361
340
336
361
459
358
345
354
346
372
361
367
367
356
357
366
355
346
368
369
367
364
350
356
369
353
351
370
356
359
359
365
356
340
365
476
363
368
355
357
375
368
349
370
470
481
366
355
338
367
344
369
338
368
355
356
357
341
358
368
347
344
359
361
359
353
454
348
355
363
356
359
355
355
372
358
353
362
354
365
354
362
347
361
363
356
348
362
348
355
354
354
355
358
355
364
356
453
354
365
356
358
357
346
363
348
362
363
355
353
356
355
348
354
365
348
355
362
362
378
362
467
460
360
359
367
358
360
450
369
364
359
358
358
358
360
361
361
347
358
349
356
349
356
369
337
337
361
369
365
333
330
323
334
332
337
342
343
344
433
358
352
343
345
343
337
336
346
358
357
333
336
339
346
347
339
349
325
346
363
346
338
356
349
359
384
378
376
357
361
458
355
351
353
363
360
359
367
474
458
353
349
343
370
371
356
361
365
364
381
363
360
358
349
347
339
339
329
329
338
328
442
332
334
345
342
329
343
343
344
338
342
337
335
345
338
336
347
337
357
338
348
357
346
355
365
334
337
336
351
345
352
446
352
355
335
328
353
350
358
337
349
346
355
345
336
344
353
345
365
338
344
345
338
353
453
450
339
344
341
340
392
348
455
382
349
345
352
355
363
355
353
333
353
343
353
342
344
347
368
356
326
326
336
344
347
334
335
342
352
352
358
345
362
456
355
361
362
360
373
345
360
350
357
370
351
351
363
360
375
358
353
385
369
378
373
371
372
372
364
355
352
353
360
359
458
364
365
347
357
355
368
454
467
360
362
344
370
358
386
359
360
351
349
366
356
351
349
358
368
350
350
353
362
362
345
439
369
351
362
356
360
354
383
378
357
376
371
369
387
375
366
381
368
385
379
366
364
350
358
372
370
366
367
367
358
370
481
369
354
352
384
379
377
386
388
372
364
369
369
378
377
377
357
372
367
349
363
364
460
469
370
368
378
378
363
388
381
493
371
371
381
371
396
381
390
386
378
371
385
370
364
371
372
383
368
366
379
373
361
378
356
379
363
352
359
365
381
366
481
352
362
364
361
369
347
351
355
360
380
359
365
354
362
374
359
360
361
359
367
359
353
347
351
355
349
355
361
360
361
460
352
363
359
368
367
471
471
374
394
376
378
363
367
375
371
366
375
366
356
346
360
347
356
356
361
361
361
355
363
360
454
360
373
361
351
352
361
361
367
352
354
361
353
368
342
346
365
338
370
352
366
369
369
375
363
353
369
352
377
352
353
457
371
359
361
359
360
359
371
360
350
359
360
368
363
359
351
352
364
361
365
357
457
469
360
360
366
353
369
345
360
359
466
370
360
338
362
352
370
351
357
359
368
384
385
369
378
378
379
377
383
378
359
365
356
355
370
363
363
372
366
365
384
468
365
381
365
372
388
363
368
371
363
376
368
365
365
364
374
358
372
361
357
371
365
356
364
360
374
384
374
373
392
383
477
381
381
380
401
480
450
342
339
347
352
346
351
353
365
359
364
351
359
367
350
355
402
383
370
367
384
362
396
360
372
477
382
388
372
368
389
374
375
389
394
361
348
375
370
363
375
365
375
366
365
355
365
366
366
366
358
364
377
364
348
365
436
343
367
365
356
391
348
380
345
342
339
343
353
356
366
343
351
362
349
350
456
443
350
354
361
360
368
399
358
365
355
471
385
361
357
372
362
379
365
370
372
370
369
374
376
375
371
381
372
389
393
387
387
369
410
380
391
389
389
380
382
389
505
390
389
387
379
397
404
388
390
389
398
382
384
395
390
389
385
389
396
381
398
383
390
382
395
375
368
360
355
361
364
450
360
343
343
471
452
377
359
368
384
366
364
375
366
375
358
375
373
366
376
365
359
368
369
383
383
349
361
345
380
383
475
362
358
360
371
373
389
358
405
381
357
357
382
381
369
378
387
373
382
379
381
389
386
382
358
364
356
374
380
372
364
469
365
383
360
363
358
373
373
381
361
374
366
352
357
369
372
375
361
352
472
466
380
374
366
353
347
352
389
361
360
367
466
375
370
382
368
359
376
358
372
366
367
369
353
351
377
367
367
368
360
367
365
367
367
366
358
362
378
351
361
368
367
477
349
367
375
352
366
344
357
346
346
369
359
369
377
353
370
358
364
358
376
367
364
360
353
374
390
360
367
352
361
367
465
359
359
471
480
361
365
366
361
378
369
368
367
367
376
368
358
358
376
369
360
358
358
366
385
369
369
368
367
367
366
461
368
360
377
365
377
358
367
381
386
374
395
382
384
383
374
384
386
391
380
375
369
368
382
383
382
368
366
367
362
375
456
367
369
361
374
360
370
373
368
365
370
367
376
369
369
367
378
376
474
454
370
360
370
361
361
386
376
394
391
385
378
486
371
372
376
385
383
397
376
385
382
393
392
374
386
375
393
393
375
391
382
358
380
366
383
382
389
387
385
373
382
374
490
379
377
371
372
390
359
358
372
364
376
366
358
366
381
372
357
363
355
365
372
366
363
366
363
374
370
358
358
364
364
464
368
460
469
374
358
356
372
357
379
358
357
367
351
375
363
360
358
343
361
346
366
355
366
375
370
357
356
355
354
368
455
344
353
370
356
355
360
353
353
343
344
344
359
362
355
353
345
344
366
345
353
344
347
368
353
344
358
354
354
364
365
457
348
364
356
356
361
368
357
367
367
372
373
367
364
365
358
358
481
457
358
356
361
372
369
366
362
357
366
353
368
367
456
374
367
364
371
346
355
355
353
359
359
356
347
347
355
355
362
345
363
354
355
365
356
354
346
354
355
356
359
347
370
470
345
345
357
349
357
349
341
340
366
357
350
342
351
341
363
357
358
346
352
362
349
345
347
347
355
365
371
346
356
374
463
468
472
365
354
372
382
365
379
384
385
364
363
364
379
365
365
372
372
380
381
373
373
350
367
349
380
348
348
358
356
456
358
348
365
358
352
358
357
356
356
356
359
358
370
356
348
355
357
358
361
358
358
350
357
348
357
350
356
356
345
356
460
355
355
357
358
357
372
364
361
358
355
357
363
354
368
367
472
488
371
375
375
366
377
375
380
377
374
384
359
360
362
446
364
352
365
373
375
376
374
366
371
376
392
367
367
375
375
382
378
383
375
367
385
374
374
373
367
378
367
375
372
375
482
383
383
382
396
397
384
383
365
374
380
370
373
363
363
380
368
382
385
375
384
373
382
383
383
392
381
379
391
388
388
564
472
388
397
380
380
372
374
380
388
361
355
372
377
388
384
380
366
364
366
381
380
390
358
372
356
363
367
356
374
364
457
362
364
365
365
366
372
364
381
362
366
356
357
366
369
363
359
358
367
365
366
356
356
365
356
381
394
382
374
366
369
472
383
368
364
366
348
350
369
352
362
354
360
361
356
360
465
466
371
374
368
360
360
367
353
366
366
356
366
355
356
366
473
380
355
357
346
365
374
365
362
356
364
372
357
366
363
363
374
340
346
358
349
367
365
340
349
341
351
348
349
350
358
463
340
365
350
350
356
348
341
340
340
340
351
348
342
341
350
342
347
350
350
358
351
346
356
349
349
341
348
340
358
454
547
342
350
340
357
340
340
346
348
356
354
348
353
349
359
344
351
350
342
350
343
349
354
349
350
342
347
349
352
359
351
452
350
348
366
350
341
346
348
349
347
341
341
351
359
341
347
341
343
359
350
341
355
349
357
348
350
349
359
363
350
347
451
342
365
349
349
340
340
356
347
351
343
348
358
364
473
472
348
357
357
349
370
350
359
343
357
340
352
362
351
343
349
441
356
348
349
348
341
351
348
349
352
348
354
343
342
349
341
357
344
341
349
367
365
355
368
350
377
379
356
358
364
363
472
363
356
357
364
366
349
364
357
365
371
361
360
357
368
372
366
358
364
367
374
358
366
358
364
378
363
358
356
459
475
458
364
358
356
372
374
362
366
362
372
368
370
362
356
364
354
363
362
363
364
357
359
361
371
367
368
360
369
362
386
367
464
368
378
370
367
360
368
366
369
360
371
362
367
384
364
369
374
370
368
368
366
368
376
376
370
362
377
369
377
376
363
469
369
378
375
377
369
360
376
370
374
360
374
378
466
468
385
369
369
380
367
378
373
396
380
390
379
388
395
363
386
384
471
386
394
396
388
379
396
388
393
380
385
400
385
392
399
381
396
378
376
385
406
401
397
387
387
387
409
377
379
391
377
479
383
363
391
370
372
373
384
378
377
386
385
385
393
371
395
387
379
379
394
373
365
363
362
379
382
356
387
460
457
367
463
363
366
367
375
366
369
357
356
374
358
356
369
368
388
374
362
375
380
371
371
362
364
370
389
370
371
378
363
370
376
464
364
363
379
370
374
363
388
370
364
365
371
378
378
373
388
384
393
393
385
387
390
370
398
377
384
385
386
394
368
363
478
386
394
384
395
385
392
394
387
396
381
373
500
483
377
379
374
380
386
385
379
380
379
364
381
386
386
381
370
371
371
472
380
370
374
353
370
360
360
373
380
364
379
363
363
351
376
368
361
366
369
373
361
370
370
358
340
374
356
374
365
359
465
353
357
351
359
361
361
359
359
358
375
359
358
350
359
372
372
358
359
351
365
359
363
348
346
358
351
455
457
373
378
466
393
371
371
371
361
361
369
369
369
369
372
362
371
377
370
362
370
371
385
368
368
369
379
394
364
362
367
367
372
371
457
372
372
387
379
349
369
388
379
388
387
371
396
379
372
370
361
361
386
361
361
368
368
380
365
380
380
337
348
349
349
441
347
369
360
359
369
351
359
359
352
352
446
469
359
366
358
366
367
350
350
351
360
366
361
367
381
381
375
365
363
375
461
373
360
361
364
366
364
352
352
360
358
366
359
359
360
359
376
360
366
350
351
368
362
360
357
350
360
351
362
351
361
463
351
359
366
361
361
360
360
350
359
359
352
356
360
360
371
350
352
368
352
368
361
366
378
378
392
482
490
385
385
376
466
366
376
375
383
353
374
365
361
359
359
366
352
361
368
360
360
360
358
360
355
350
350
352
368
360
373
363
371
372
351
453
352
362
368
351
361
361
369
373
376
364
353
361
371
359
359
366
357
370
378
358
375
375
371
378
358
374
376
385
348
363
489
385
374
367
386
386
396
374
374
368
480
479
392
373
373
366
367
382
382
373
368
374
383
367
372
375
376
383
368
365
375
473
374
374
376
373
376
384
374
376
375
365
394
374
367
372
366
381
392
375
385
385
387
407
385
387
395
387
385
388
384
388
477
376
393
383
388
362
374
384
368
367
389
368
368
377
377
384
373
368
368
378
386
385
400
394
393
501
485
395
404
386
393
489
387
394
395
401
393
391
385
385
415
394
394
401
387
401
391
394
388
388
393
385
383
394
395
387
397
388
405
369
379
371
470
377
382
389
389
347
370
343
380
352
361
356
371
392
362
379
378
378
395
395
400
379
396
403
395
406
401
397
414
405
385
504
405
429
420
401
396
395
426
428
510
509
397
405
409
393
422
422
410
409
415
402
402
410
403
376
377
