272
269
269
283
283
265
266
266
263
263
274
274
271
279
289
289
290
290
291
291
286
286
267
267
292
292
283
283
267
267
263
263
263
263
300
300
270
274
283
283
272
272
268
268
265
265
274
274
254
254
255
255
271
271
251
251
268
268
278
278
261
270
276
276
277
262
263
263
258
258
267
267
281
281
267
267
290
290
267
267
281
281
273
273
292
294
288
288
283
283
280
280
272
272
285
285
270
270
287
287
281
281
279
282
280
280
292
292
297
298
272
272
278
278
288
288
279
279
279
279
298
298
299
299
275
296
273
273
279
279
284
284
284
272
276
281
283
283
268
268
291
291
288
288
275
275
290
290
283
283
289
289
274
274
288
288
289
268
284
285
285
278
278
275
275
301
301
281
281
280
280
299
299
275
275
286
286
282
282
272
282
273
273
287
287
296
274
274
286
286
300
300
296
296
287
287
274
274
280
280
290
290
281
281
283
276
301
302
295
295
290
290
297
297
289
289
305
305
267
267
284
284
301
301
304
304
311
311
291
282
285
285
299
299
292
292
274
274
294
294
280
280
271
271
271
295
276
276
284
284
294
294
287
306
293
298
288
288
293
293
275
275
288
288
294
294
280
280
278
278
297
297
281
281
285
285
278
292
280
279
276
276
269
269
279
279
273
273
271
271
277
277
260
260
279
279
263
263
270
270
281
289
278
278
263
263
270
270
279
279
271
271
280
280
276
276
268
268
275
275
281
281
292
292
273
284
268
268
273
273
274
274
280
280
269
269
274
274
272
272
265
265
290
290
290
290
280
280
289
289
273
273
285
285
275
275
273
273
267
267
266
266
283
283
276
294
293
293
292
292
289
289
278
295
297
297
298
298
306
306
306
306
292
292
294
294
288
288
303
303
305
305
288
288
289
289
324
296
296
296
295
295
304
304
276
276
306
306
296
296
279
279
304
304
280
280
281
281
297
297
280
277
273
273
298
289
285
285
294
294
285
285
270
270
286
286
278
278
298
298
279
279
288
288
288
290
288
310
286
286
288
288
284
284
294
294
275
275
294
294
303
303
291
291
285
285
285
285
284
301
277
316
283
283
283
283
302
302
280
280
281
281
305
305
275
285
303
303
284
284
288
288
302
289
290
291
305
305
295
295
304
304
284
284
278
278
286
286
304
304
285
285
287
287
285
285
297
286
296
293
296
296
298
298
295
295
295
295
286
286
286
286
305
305
288
288
288
288
297
297
298
279
272
293
297
295
290
290
296
296
281
281
273
273
273
273
278
278
295
295
292
292
283
283
286
275
274
278
289
289
291
291
287
287
269
269
246
246
288
288
254
254
290
290
276
276
283
283
274
280
264
284
280
280
268
268
286
286
287
287
285
285
286
286
270
270
280
280
263
263
283
283
265
264
269
269
264
264
248
248
273
273
289
289
273
273
263
263
262
262
275
275
273
273
266
266
289
265
278
278
264
264
263
263
265
265
280
280
266
266
274
274
270
270
279
279
280
280
263
263
279
264
291
291
289
264
280
280
270
270
281
281
289
289
280
280
273
273
288
288
290
290
281
281
262
276
288
288
263
263
275
275
246
246
281
281
270
270
262
262
272
272
245
245
254
254
278
278
289
272
279
279
278
278
272
272
263
263
273
273
253
253
257
257
270
253
272
272
271
271
273
273
278
283
266
266
256
256
270
270
272
272
290
290
280
280
281
281
277
277
273
273
279
279
278
278
280
288
270
290
280
280
271
271
281
281
270
270
272
272
260
260
270
270
270
270
270
270
273
273
269
264
286
283
296
286
281
281
277
277
278
278
298
298
289
289
254
254
288
288
282
282
282
282
297
291
308
324
289
289
309
309
283
283
297
297
297
297
294
294
305
305
286
286
289
289
296
296
296
287
281
319
285
285
304
304
294
294
282
282
290
290
291
291
281
303
295
295
285
285
278
278
302
293
279
314
262
262
273
273
278
278
294
294
284
284
289
289
287
287
302
302
288
288
277
277
268
272
291
272
289
289
301
301
300
300
316
316
311
311
289
289
280
280
296
296
281
281
286
286
275
289
290
307
275
290
285
285
285
285
287
287
286
286
306
306
272
272
287
287
294
294
294
294
298
303
283
283
300
300
292
292
271
271
269
269
291
291
290
290
292
292
291
291
286
286
277
277
286
295
278
278
267
267
273
273
285
285
288
288
297
297
284
284
286
288
268
268
305
305
277
277
299
292
290
290
307
307
296
296
294
294
302
302
285
285
294
294
284
284
310
310
297
297
299
299
297
312
303
303
315
302
291
291
297
297
298
298
289
289
283
283
278
278
296
296
307
307
277
277
267
312
312
312
302
320
323
323
303
303
301
280
292
292
309
309
304
304
295
295
299
299
290
290
300
302
308
315
303
303
307
307
318
318
306
306
295
295
294
294
304
304
303
303
301
301
295
295
302
294
324
317
321
321
296
296
303
296
315
315
287
287
306
306
286
294
295
295
291
291
285
285
282
280
297
302
290
290
308
308
295
290
297
297
293
293
297
320
320
287
287
297
297
304
304
272
278
282
292
307
307
295
281
289
289
299
299
282
296
296
297
297
289
286
284
284
295
295
310
310
278
279
304
310
282
304
288
288
286
308
308
280
280
293
293
309
294
280
280
280
280
287
277
277
292
278
287
297
286
270
285
285
284
284
296
296
296
279
279
279
297
297
281
278
278
287
287
279
295
281
273
273
282
282
289
308
284
311
311
292
295
295
293
291
293
294
297
297
295
295
287
281
296
312
286
314
314
287
294
282
282
312
312
299
293
295
295
289
289
289
289
290
282
306
306
277
277
298
301
301
296
296
297
297
289
309
271
271
271
295
286
289
285
285
274
295
268
268
277
284
285
284
275
301
269
274
293
293
286
286
295
269
295
292
275
275
274
286
286
275
286
286
277
277
261
246
277
280
280
274
274
276
270
291
281
281
268
268
291
280
286
291
299
299
275
275
285
278
282
279
277
304
302
281
281
281
